100 0.500 : NL AMS
   100.0  4.022E-07  218.60 : Z P T
 PARTICLE PARAMETERS
  0.000E+00  8.000E-04  0.000E+00
  0.000E+00  2.000E-03  0.000E+00
  0.000E+00  6.000E-04  0.000E+00
  0.000E+00  5.000E-06  0.000E+00
  0.000E+00  6.000E-05  0.000E+00
  0.000E+00  2.000E-05  0.000E+00
  0.000E+00  1.900E-05  0.000E+00
  0.000E+00  2.040E-04  0.000E+00
  0.000E+00  1.750E-05  0.000E+00
  0.000E+00  1.900E-05  0.000E+00
  0.000E+00  4.000E-04  0.000E+00
 CLOUD COVER RATE OF SUBLAYER
  0.000E+00
 GAS CONCENTRATIONS PPMV
  4.090E-01  2.035E+02  4.391E-01  3.188E-04  1.637E+01  1.210E-01  1.622E+05
    99.0  4.662E-07  216.01 : Z P T
 PARTICLE PARAMETERS
  0.000E+00  8.000E-04  0.000E+00
  0.000E+00  2.000E-03  0.000E+00
  0.000E+00  6.000E-04  0.000E+00
  0.000E+00  5.000E-06  0.000E+00
  0.000E+00  6.000E-05  0.000E+00
  0.000E+00  2.000E-05  0.000E+00
  0.000E+00  1.900E-05  0.000E+00
  0.000E+00  2.040E-04  0.000E+00
  0.000E+00  1.750E-05  0.000E+00
  0.000E+00  1.900E-05  0.000E+00
  0.000E+00  4.000E-04  0.000E+00
 CLOUD COVER RATE OF SUBLAYER
  0.000E+00
 GAS CONCENTRATIONS PPMV
  4.289E-01  2.202E+02  5.225E-01  3.286E-04  1.494E+01  1.230E-01  1.665E+05
    98.0  5.419E-07  213.83 : Z P T
 PARTICLE PARAMETERS
  0.000E+00  8.000E-04  0.000E+00
  0.000E+00  2.000E-03  0.000E+00
  0.000E+00  6.000E-04  0.000E+00
  0.000E+00  5.000E-06  0.000E+00
  0.000E+00  6.000E-05  0.000E+00
  0.000E+00  2.000E-05  0.000E+00
  0.000E+00  1.900E-05  0.000E+00
  0.000E+00  2.040E-04  0.000E+00
  0.000E+00  1.750E-05  0.000E+00
  0.000E+00  1.900E-05  0.000E+00
  0.000E+00  4.000E-04  0.000E+00
 CLOUD COVER RATE OF SUBLAYER
  0.000E+00
 GAS CONCENTRATIONS PPMV
  4.534E-01  2.359E+02  6.115E-01  3.389E-04  1.357E+01  1.251E-01  1.708E+05
    97.0  6.319E-07  211.91 : Z P T
 PARTICLE PARAMETERS
  0.000E+00  8.000E-04  0.000E+00
  0.000E+00  2.000E-03  0.000E+00
  0.000E+00  6.000E-04  0.000E+00
  0.000E+00  5.000E-06  0.000E+00
  0.000E+00  6.000E-05  0.000E+00
  0.000E+00  2.000E-05  0.000E+00
  0.000E+00  1.900E-05  0.000E+00
  0.000E+00  2.040E-04  0.000E+00
  0.000E+00  1.750E-05  0.000E+00
  0.000E+00  1.900E-05  0.000E+00
  0.000E+00  4.000E-04  0.000E+00
 CLOUD COVER RATE OF SUBLAYER
  0.000E+00
 GAS CONCENTRATIONS PPMV
  4.834E-01  2.504E+02  6.967E-01  3.496E-04  1.227E+01  1.271E-01  1.748E+05
    96.0  7.389E-07  210.12 : Z P T
 PARTICLE PARAMETERS
  0.000E+00  8.000E-04  0.000E+00
  0.000E+00  2.000E-03  0.000E+00
  0.000E+00  6.000E-04  0.000E+00
  0.000E+00  5.000E-06  0.000E+00
  0.000E+00  6.000E-05  0.000E+00
  0.000E+00  2.000E-05  0.000E+00
  0.000E+00  1.900E-05  0.000E+00
  0.000E+00  2.040E-04  0.000E+00
  0.000E+00  1.750E-05  0.000E+00
  0.000E+00  1.900E-05  0.000E+00
  0.000E+00  4.000E-04  0.000E+00
 CLOUD COVER RATE OF SUBLAYER
  0.000E+00
 GAS CONCENTRATIONS PPMV
  5.200E-01  2.637E+02  7.686E-01  3.608E-04  1.110E+01  1.290E-01  1.783E+05
    95.0  8.657E-07  208.30 : Z P T
 PARTICLE PARAMETERS
  0.000E+00  8.000E-04  0.000E+00
  0.000E+00  2.000E-03  0.000E+00
  0.000E+00  6.000E-04  0.000E+00
  0.000E+00  5.000E-06  0.000E+00
  0.000E+00  6.000E-05  0.000E+00
  0.000E+00  2.000E-05  0.000E+00
  0.000E+00  1.900E-05  0.000E+00
  0.000E+00  2.040E-04  0.000E+00
  0.000E+00  1.750E-05  0.000E+00
  0.000E+00  1.900E-05  0.000E+00
  0.000E+00  4.000E-04  0.000E+00
 CLOUD COVER RATE OF SUBLAYER
  0.000E+00
 GAS CONCENTRATIONS PPMV
  5.639E-01  2.755E+02  8.189E-01  3.726E-04  1.006E+01  1.310E-01  1.813E+05
    94.0  1.016E-06  206.37 : Z P T
 PARTICLE PARAMETERS
  0.000E+00  8.000E-04  0.000E+00
  0.000E+00  2.000E-03  0.000E+00
  0.000E+00  6.000E-04  0.000E+00
  0.000E+00  5.000E-06  0.000E+00
  0.000E+00  6.000E-05  0.000E+00
  0.000E+00  2.000E-05  0.000E+00
  0.000E+00  1.900E-05  0.000E+00
  0.000E+00  2.040E-04  0.000E+00
  0.000E+00  1.750E-05  0.000E+00
  0.000E+00  1.900E-05  0.000E+00
  0.000E+00  4.000E-04  0.000E+00
 CLOUD COVER RATE OF SUBLAYER
  0.000E+00
 GAS CONCENTRATIONS PPMV
  6.154E-01  2.858E+02  8.450E-01  3.850E-04  9.172E+00  1.329E-01  1.838E+05
    93.0  1.194E-06  204.40 : Z P T
 PARTICLE PARAMETERS
  0.000E+00  8.000E-04  0.000E+00
  0.000E+00  2.000E-03  0.000E+00
  0.000E+00  6.000E-04  0.000E+00
  0.000E+00  5.000E-06  0.000E+00
  0.000E+00  6.000E-05  0.000E+00
  0.000E+00  2.000E-05  0.000E+00
  0.000E+00  1.900E-05  0.000E+00
  0.000E+00  2.040E-04  0.000E+00
  0.000E+00  1.750E-05  0.000E+00
  0.000E+00  1.900E-05  0.000E+00
  0.000E+00  4.000E-04  0.000E+00
 CLOUD COVER RATE OF SUBLAYER
  0.000E+00
 GAS CONCENTRATIONS PPMV
  6.743E-01  2.946E+02  8.501E-01  3.980E-04  8.408E+00  1.348E-01  1.858E+05
    92.0  1.406E-06  202.52 : Z P T
 PARTICLE PARAMETERS
  0.000E+00  8.000E-04  0.000E+00
  0.000E+00  2.000E-03  0.000E+00
  0.000E+00  6.000E-04  0.000E+00
  0.000E+00  5.000E-06  0.000E+00
  0.000E+00  6.000E-05  0.000E+00
  0.000E+00  2.000E-05  0.000E+00
  0.000E+00  1.900E-05  0.000E+00
  0.000E+00  2.040E-04  0.000E+00
  0.000E+00  1.750E-05  0.000E+00
  0.000E+00  1.900E-05  0.000E+00
  0.000E+00  4.000E-04  0.000E+00
 CLOUD COVER RATE OF SUBLAYER
  0.000E+00
 GAS CONCENTRATIONS PPMV
  7.401E-01  3.018E+02  8.386E-01  4.116E-04  7.741E+00  1.368E-01  1.875E+05
    91.0  1.657E-06  200.84 : Z P T
 PARTICLE PARAMETERS
  0.000E+00  8.000E-04  0.000E+00
  0.000E+00  2.000E-03  0.000E+00
  0.000E+00  6.000E-04  0.000E+00
  0.000E+00  5.000E-06  0.000E+00
  0.000E+00  6.000E-05  0.000E+00
  0.000E+00  2.000E-05  0.000E+00
  0.000E+00  1.900E-05  0.000E+00
  0.000E+00  2.040E-04  0.000E+00
  0.000E+00  1.750E-05  0.000E+00
  0.000E+00  1.900E-05  0.000E+00
  0.000E+00  4.000E-04  0.000E+00
 CLOUD COVER RATE OF SUBLAYER
  0.000E+00
 GAS CONCENTRATIONS PPMV
  8.123E-01  3.075E+02  8.146E-01  4.259E-04  7.145E+00  1.389E-01  1.892E+05
    90.0  1.955E-06  199.50 : Z P T
 PARTICLE PARAMETERS
  0.000E+00  8.000E-04  0.000E+00
  0.000E+00  2.000E-03  0.000E+00
  0.000E+00  6.000E-04  0.000E+00
  0.000E+00  5.000E-06  0.000E+00
  0.000E+00  6.000E-05  0.000E+00
  0.000E+00  2.000E-05  0.000E+00
  0.000E+00  1.900E-05  0.000E+00
  0.000E+00  2.040E-04  0.000E+00
  0.000E+00  1.750E-05  0.000E+00
  0.000E+00  1.900E-05  0.000E+00
  0.000E+00  4.000E-04  0.000E+00
 CLOUD COVER RATE OF SUBLAYER
  0.000E+00
 GAS CONCENTRATIONS PPMV
  8.907E-01  3.118E+02  7.821E-01  4.410E-04  6.596E+00  1.412E-01  1.909E+05
    89.0  2.305E-06  198.60 : Z P T
 PARTICLE PARAMETERS
  0.000E+00  8.000E-04  0.000E+00
  0.000E+00  2.000E-03  0.000E+00
  0.000E+00  6.000E-04  0.000E+00
  0.000E+00  5.000E-06  0.000E+00
  0.000E+00  6.000E-05  0.000E+00
  0.000E+00  2.000E-05  0.000E+00
  0.000E+00  1.900E-05  0.000E+00
  0.000E+00  2.040E-04  0.000E+00
  0.000E+00  1.750E-05  0.000E+00
  0.000E+00  1.900E-05  0.000E+00
  0.000E+00  4.000E-04  0.000E+00
 CLOUD COVER RATE OF SUBLAYER
  0.000E+00
 GAS CONCENTRATIONS PPMV
  9.754E-01  3.147E+02  7.429E-01  4.569E-04  6.081E+00  1.435E-01  1.927E+05
    88.0  2.720E-06  198.16 : Z P T
 PARTICLE PARAMETERS
  0.000E+00  8.000E-04  0.000E+00
  0.000E+00  2.000E-03  0.000E+00
  0.000E+00  6.000E-04  0.000E+00
  0.000E+00  5.000E-06  0.000E+00
  0.000E+00  6.000E-05  0.000E+00
  0.000E+00  2.000E-05  0.000E+00
  0.000E+00  1.900E-05  0.000E+00
  0.000E+00  2.040E-04  0.000E+00
  0.000E+00  1.750E-05  0.000E+00
  0.000E+00  1.900E-05  0.000E+00
  0.000E+00  4.000E-04  0.000E+00
 CLOUD COVER RATE OF SUBLAYER
  0.000E+00
 GAS CONCENTRATIONS PPMV
  1.067E+00  3.167E+02  6.970E-01  4.736E-04  5.597E+00  1.458E-01  1.947E+05
    87.0  3.215E-06  198.21 : Z P T
 PARTICLE PARAMETERS
  0.000E+00  8.000E-04  0.000E+00
  0.000E+00  2.000E-03  0.000E+00
  0.000E+00  6.000E-04  0.000E+00
  0.000E+00  5.000E-06  0.000E+00
  0.000E+00  6.000E-05  0.000E+00
  0.000E+00  2.000E-05  0.000E+00
  0.000E+00  1.900E-05  0.000E+00
  0.000E+00  2.040E-04  0.000E+00
  0.000E+00  1.750E-05  0.000E+00
  0.000E+00  1.900E-05  0.000E+00
  0.000E+00  4.000E-04  0.000E+00
 CLOUD COVER RATE OF SUBLAYER
  0.000E+00
 GAS CONCENTRATIONS PPMV
  1.166E+00  3.181E+02  6.437E-01  4.913E-04  5.146E+00  1.478E-01  1.968E+05
    86.0  3.804E-06  198.75 : Z P T
 PARTICLE PARAMETERS
  0.000E+00  8.000E-04  0.000E+00
  0.000E+00  2.000E-03  0.000E+00
  0.000E+00  6.000E-04  0.000E+00
  0.000E+00  5.000E-06  0.000E+00
  0.000E+00  6.000E-05  0.000E+00
  0.000E+00  2.000E-05  0.000E+00
  0.000E+00  1.900E-05  0.000E+00
  0.000E+00  2.040E-04  0.000E+00
  0.000E+00  1.750E-05  0.000E+00
  0.000E+00  1.900E-05  0.000E+00
  0.000E+00  4.000E-04  0.000E+00
 CLOUD COVER RATE OF SUBLAYER
  0.000E+00
 GAS CONCENTRATIONS PPMV
  1.274E+00  3.194E+02  5.826E-01  5.099E-04  4.727E+00  1.493E-01  1.989E+05
    85.0  4.501E-06  199.80 : Z P T
 PARTICLE PARAMETERS
  0.000E+00  8.000E-04  0.000E+00
  0.000E+00  2.000E-03  0.000E+00
  0.000E+00  6.000E-04  0.000E+00
  0.000E+00  5.000E-06  0.000E+00
  0.000E+00  6.000E-05  0.000E+00
  0.000E+00  2.000E-05  0.000E+00
  0.000E+00  1.900E-05  0.000E+00
  0.000E+00  2.040E-04  0.000E+00
  0.000E+00  1.750E-05  0.000E+00
  0.000E+00  1.900E-05  0.000E+00
  0.000E+00  4.000E-04  0.000E+00
 CLOUD COVER RATE OF SUBLAYER
  0.000E+00
 GAS CONCENTRATIONS PPMV
  1.391E+00  3.208E+02  5.137E-01  5.295E-04  4.341E+00  1.503E-01  2.011E+05
    84.0  5.322E-06  201.35 : Z P T
 PARTICLE PARAMETERS
  0.000E+00  8.000E-04  0.000E+00
  0.000E+00  2.000E-03  0.000E+00
  0.000E+00  6.000E-04  0.000E+00
  0.000E+00  5.000E-06  0.000E+00
  0.000E+00  6.000E-05  0.000E+00
  0.000E+00  2.000E-05  0.000E+00
  0.000E+00  1.900E-05  0.000E+00
  0.000E+00  2.040E-04  0.000E+00
  0.000E+00  1.750E-05  0.000E+00
  0.000E+00  1.900E-05  0.000E+00
  0.000E+00  4.000E-04  0.000E+00
 CLOUD COVER RATE OF SUBLAYER
  0.000E+00
 GAS CONCENTRATIONS PPMV
  1.516E+00  3.224E+02  4.399E-01  5.502E-04  3.987E+00  1.508E-01  2.033E+05
    83.0  6.281E-06  203.28 : Z P T
 PARTICLE PARAMETERS
  0.000E+00  8.000E-04  0.000E+00
  0.000E+00  2.000E-03  0.000E+00
  0.000E+00  6.000E-04  0.000E+00
  0.000E+00  5.000E-06  0.000E+00
  0.000E+00  6.000E-05  0.000E+00
  0.000E+00  2.000E-05  0.000E+00
  0.000E+00  1.900E-05  0.000E+00
  0.000E+00  2.040E-04  0.000E+00
  0.000E+00  1.750E-05  0.000E+00
  0.000E+00  1.900E-05  0.000E+00
  0.000E+00  4.000E-04  0.000E+00
 CLOUD COVER RATE OF SUBLAYER
  0.000E+00
 GAS CONCENTRATIONS PPMV
  1.648E+00  3.241E+02  3.672E-01  5.722E-04  3.662E+00  1.508E-01  2.053E+05
    82.0  7.397E-06  205.47 : Z P T
 PARTICLE PARAMETERS
  0.000E+00  8.000E-04  0.000E+00
  0.000E+00  2.000E-03  0.000E+00
  0.000E+00  6.000E-04  0.000E+00
  0.000E+00  5.000E-06  0.000E+00
  0.000E+00  6.000E-05  0.000E+00
  0.000E+00  2.000E-05  0.000E+00
  0.000E+00  1.900E-05  0.000E+00
  0.000E+00  2.040E-04  0.000E+00
  0.000E+00  1.750E-05  0.000E+00
  0.000E+00  1.900E-05  0.000E+00
  0.000E+00  4.000E-04  0.000E+00
 CLOUD COVER RATE OF SUBLAYER
  0.000E+00
 GAS CONCENTRATIONS PPMV
  1.786E+00  3.258E+02  3.021E-01  5.956E-04  3.365E+00  1.505E-01  2.071E+05
    81.0  8.687E-06  207.79 : Z P T
 PARTICLE PARAMETERS
  0.000E+00  8.000E-04  0.000E+00
  0.000E+00  2.000E-03  0.000E+00
  0.000E+00  6.000E-04  0.000E+00
  0.000E+00  5.000E-06  0.000E+00
  0.000E+00  6.000E-05  0.000E+00
  0.000E+00  2.000E-05  0.000E+00
  0.000E+00  1.900E-05  0.000E+00
  0.000E+00  2.040E-04  0.000E+00
  0.000E+00  1.750E-05  0.000E+00
  0.000E+00  1.900E-05  0.000E+00
  0.000E+00  4.000E-04  0.000E+00
 CLOUD COVER RATE OF SUBLAYER
  0.000E+00
 GAS CONCENTRATIONS PPMV
  1.928E+00  3.273E+02  2.511E-01  6.205E-04  3.091E+00  1.502E-01  2.084E+05
    80.0  1.017E-05  210.10 : Z P T
 PARTICLE PARAMETERS
  0.000E+00  8.000E-04  0.000E+00
  0.000E+00  2.000E-03  0.000E+00
  0.000E+00  6.000E-04  0.000E+00
  0.000E+00  5.000E-06  0.000E+00
  0.000E+00  6.000E-05  0.000E+00
  0.000E+00  2.000E-05  0.000E+00
  0.000E+00  1.900E-05  0.000E+00
  0.000E+00  2.040E-04  0.000E+00
  0.000E+00  1.750E-05  0.000E+00
  0.000E+00  1.900E-05  0.000E+00
  0.000E+00  4.000E-04  0.000E+00
 CLOUD COVER RATE OF SUBLAYER
  0.000E+00
 GAS CONCENTRATIONS PPMV
  2.073E+00  3.285E+02  2.198E-01  6.470E-04  2.839E+00  1.499E-01  2.093E+05
    79.0  1.186E-05  212.30 : Z P T
 PARTICLE PARAMETERS
  0.000E+00  8.000E-04  0.000E+00
  0.000E+00  2.000E-03  0.000E+00
  0.000E+00  6.000E-04  0.000E+00
  0.000E+00  5.000E-06  0.000E+00
  0.000E+00  6.000E-05  0.000E+00
  0.000E+00  2.000E-05  0.000E+00
  0.000E+00  1.900E-05  0.000E+00
  0.000E+00  2.040E-04  0.000E+00
  0.000E+00  1.750E-05  0.000E+00
  0.000E+00  1.900E-05  0.000E+00
  0.000E+00  4.000E-04  0.000E+00
 CLOUD COVER RATE OF SUBLAYER
  0.000E+00
 GAS CONCENTRATIONS PPMV
  2.218E+00  3.292E+02  2.083E-01  6.753E-04  2.606E+00  1.498E-01  2.097E+05
    78.0  1.383E-05  214.39 : Z P T
 PARTICLE PARAMETERS
  0.000E+00  8.000E-04  0.000E+00
  0.000E+00  2.000E-03  0.000E+00
  0.000E+00  6.000E-04  0.000E+00
  0.000E+00  5.000E-06  0.000E+00
  0.000E+00  6.000E-05  0.000E+00
  0.000E+00  2.000E-05  0.000E+00
  0.000E+00  1.900E-05  0.000E+00
  0.000E+00  2.040E-04  0.000E+00
  0.000E+00  1.750E-05  0.000E+00
  0.000E+00  1.900E-05  0.000E+00
  0.000E+00  4.000E-04  0.000E+00
 CLOUD COVER RATE OF SUBLAYER
  0.000E+00
 GAS CONCENTRATIONS PPMV
  2.362E+00  3.297E+02  2.120E-01  7.053E-04  2.389E+00  1.498E-01  2.096E+05
    77.0  1.612E-05  216.42 : Z P T
 PARTICLE PARAMETERS
  0.000E+00  8.000E-04  0.000E+00
  0.000E+00  2.000E-03  0.000E+00
  0.000E+00  6.000E-04  0.000E+00
  0.000E+00  5.000E-06  0.000E+00
  0.000E+00  6.000E-05  0.000E+00
  0.000E+00  2.000E-05  0.000E+00
  0.000E+00  1.900E-05  0.000E+00
  0.000E+00  2.040E-04  0.000E+00
  0.000E+00  1.750E-05  0.000E+00
  0.000E+00  1.900E-05  0.000E+00
  0.000E+00  4.000E-04  0.000E+00
 CLOUD COVER RATE OF SUBLAYER
  0.000E+00
 GAS CONCENTRATIONS PPMV
  2.501E+00  3.299E+02  2.251E-01  7.372E-04  2.185E+00  1.499E-01  2.094E+05
    76.0  1.879E-05  218.41 : Z P T
 PARTICLE PARAMETERS
  0.000E+00  8.000E-04  0.000E+00
  0.000E+00  2.000E-03  0.000E+00
  0.000E+00  6.000E-04  0.000E+00
  0.000E+00  5.000E-06  0.000E+00
  0.000E+00  6.000E-05  0.000E+00
  0.000E+00  2.000E-05  0.000E+00
  0.000E+00  1.900E-05  0.000E+00
  0.000E+00  2.040E-04  0.000E+00
  0.000E+00  1.750E-05  0.000E+00
  0.000E+00  1.900E-05  0.000E+00
  0.000E+00  4.000E-04  0.000E+00
 CLOUD COVER RATE OF SUBLAYER
  0.000E+00
 GAS CONCENTRATIONS PPMV
  2.635E+00  3.300E+02  2.416E-01  7.710E-04  1.992E+00  1.500E-01  2.091E+05
    75.0  2.192E-05  220.40 : Z P T
 PARTICLE PARAMETERS
  0.000E+00  8.000E-04  0.000E+00
  0.000E+00  2.000E-03  0.000E+00
  0.000E+00  6.000E-04  0.000E+00
  0.000E+00  5.000E-06  0.000E+00
  0.000E+00  6.000E-05  0.000E+00
  0.000E+00  2.000E-05  0.000E+00
  0.000E+00  1.900E-05  0.000E+00
  0.000E+00  2.040E-04  0.000E+00
  0.000E+00  1.750E-05  0.000E+00
  0.000E+00  1.900E-05  0.000E+00
  0.000E+00  4.000E-04  0.000E+00
 CLOUD COVER RATE OF SUBLAYER
  0.000E+00
 GAS CONCENTRATIONS PPMV
  2.761E+00  3.300E+02  2.565E-01  8.067E-04  1.806E+00  1.500E-01  2.089E+05
    74.0  2.554E-05  222.42 : Z P T
 PARTICLE PARAMETERS
  0.000E+00  8.000E-04  0.000E+00
  0.000E+00  2.000E-03  0.000E+00
  0.000E+00  6.000E-04  0.000E+00
  0.000E+00  5.000E-06  0.000E+00
  0.000E+00  6.000E-05  0.000E+00
  0.000E+00  2.000E-05  0.000E+00
  0.000E+00  1.900E-05  0.000E+00
  0.000E+00  2.040E-04  0.000E+00
  0.000E+00  1.750E-05  0.000E+00
  0.000E+00  1.900E-05  0.000E+00
  0.000E+00  4.000E-04  0.000E+00
 CLOUD COVER RATE OF SUBLAYER
  0.000E+00
 GAS CONCENTRATIONS PPMV
  2.880E+00  3.300E+02  2.684E-01  8.447E-04  1.628E+00  1.500E-01  2.088E+05
    73.0  2.974E-05  224.47 : Z P T
 PARTICLE PARAMETERS
  0.000E+00  8.000E-04  0.000E+00
  0.000E+00  2.000E-03  0.000E+00
  0.000E+00  6.000E-04  0.000E+00
  0.000E+00  5.000E-06  0.000E+00
  0.000E+00  6.000E-05  0.000E+00
  0.000E+00  2.000E-05  0.000E+00
  0.000E+00  1.900E-05  0.000E+00
  0.000E+00  2.040E-04  0.000E+00
  0.000E+00  1.750E-05  0.000E+00
  0.000E+00  1.900E-05  0.000E+00
  0.000E+00  4.000E-04  0.000E+00
 CLOUD COVER RATE OF SUBLAYER
  0.000E+00
 GAS CONCENTRATIONS PPMV
  2.996E+00  3.300E+02  2.793E-01  8.859E-04  1.458E+00  1.500E-01  2.088E+05
    72.0  3.457E-05  226.54 : Z P T
 PARTICLE PARAMETERS
  0.000E+00  8.000E-04  0.000E+00
  0.000E+00  2.000E-03  0.000E+00
  0.000E+00  6.000E-04  0.000E+00
  0.000E+00  5.000E-06  0.000E+00
  0.000E+00  6.000E-05  0.000E+00
  0.000E+00  2.000E-05  0.000E+00
  0.000E+00  1.900E-05  0.000E+00
  0.000E+00  2.040E-04  0.000E+00
  0.000E+00  1.750E-05  0.000E+00
  0.000E+00  1.900E-05  0.000E+00
  0.000E+00  4.000E-04  0.000E+00
 CLOUD COVER RATE OF SUBLAYER
  0.000E+00
 GAS CONCENTRATIONS PPMV
  3.114E+00  3.300E+02  2.921E-01  9.310E-04  1.298E+00  1.500E-01  2.089E+05
    71.0  4.010E-05  228.62 : Z P T
 PARTICLE PARAMETERS
  0.000E+00  8.000E-04  0.000E+00
  0.000E+00  2.000E-03  0.000E+00
  0.000E+00  6.000E-04  0.000E+00
  0.000E+00  5.000E-06  0.000E+00
  0.000E+00  6.000E-05  0.000E+00
  0.000E+00  2.000E-05  0.000E+00
  0.000E+00  1.900E-05  0.000E+00
  0.000E+00  2.040E-04  0.000E+00
  0.000E+00  1.750E-05  0.000E+00
  0.000E+00  1.900E-05  0.000E+00
  0.000E+00  4.000E-04  0.000E+00
 CLOUD COVER RATE OF SUBLAYER
  0.000E+00
 GAS CONCENTRATIONS PPMV
  3.237E+00  3.300E+02  3.097E-01  9.808E-04  1.149E+00  1.500E-01  2.090E+05
    70.0  4.640E-05  230.70 : Z P T
 PARTICLE PARAMETERS
  0.000E+00  8.000E-04  0.000E+00
  0.000E+00  2.000E-03  0.000E+00
  0.000E+00  6.000E-04  0.000E+00
  0.000E+00  5.000E-06  0.000E+00
  0.000E+00  6.000E-05  0.000E+00
  0.000E+00  2.000E-05  0.000E+00
  0.000E+00  1.900E-05  0.000E+00
  0.000E+00  2.040E-04  0.000E+00
  0.000E+00  1.750E-05  0.000E+00
  0.000E+00  1.900E-05  0.000E+00
  0.000E+00  4.000E-04  0.000E+00
 CLOUD COVER RATE OF SUBLAYER
  0.000E+00
 GAS CONCENTRATIONS PPMV
  3.369E+00  3.300E+02  3.346E-01  1.036E-03  1.014E+00  1.500E-01  2.090E+05
    69.0  5.354E-05  232.77 : Z P T
 PARTICLE PARAMETERS
  0.000E+00  8.000E-04  0.000E+00
  0.000E+00  2.000E-03  0.000E+00
  0.000E+00  6.000E-04  0.000E+00
  0.000E+00  5.000E-06  0.000E+00
  0.000E+00  6.000E-05  0.000E+00
  0.000E+00  2.000E-05  0.000E+00
  0.000E+00  1.900E-05  0.000E+00
  0.000E+00  2.040E-04  0.000E+00
  0.000E+00  1.750E-05  0.000E+00
  0.000E+00  1.900E-05  0.000E+00
  0.000E+00  4.000E-04  0.000E+00
 CLOUD COVER RATE OF SUBLAYER
  0.000E+00
 GAS CONCENTRATIONS PPMV
  3.509E+00  3.300E+02  3.681E-01  1.096E-03  8.911E-01  1.500E-01  2.090E+05
    68.0  6.167E-05  234.84 : Z P T
 PARTICLE PARAMETERS
  0.000E+00  8.000E-04  0.000E+00
  0.000E+00  2.000E-03  0.000E+00
  0.000E+00  6.000E-04  0.000E+00
  0.000E+00  5.000E-06  0.000E+00
  0.000E+00  6.000E-05  0.000E+00
  0.000E+00  2.000E-05  0.000E+00
  0.000E+00  1.900E-05  0.000E+00
  0.000E+00  2.040E-04  0.000E+00
  0.000E+00  1.750E-05  0.000E+00
  0.000E+00  1.900E-05  0.000E+00
  0.000E+00  4.000E-04  0.000E+00
 CLOUD COVER RATE OF SUBLAYER
  0.000E+00
 GAS CONCENTRATIONS PPMV
  3.654E+00  3.300E+02  4.102E-01  1.159E-03  7.815E-01  1.501E-01  2.090E+05
    67.0  7.098E-05  236.88 : Z P T
 PARTICLE PARAMETERS
  0.000E+00  8.000E-04  0.000E+00
  0.000E+00  2.000E-03  0.000E+00
  0.000E+00  6.000E-04  0.000E+00
  0.000E+00  5.000E-06  0.000E+00
  0.000E+00  6.000E-05  0.000E+00
  0.000E+00  2.000E-05  0.000E+00
  0.000E+00  1.900E-05  0.000E+00
  0.000E+00  2.040E-04  0.000E+00
  0.000E+00  1.750E-05  0.000E+00
  0.000E+00  1.900E-05  0.000E+00
  0.000E+00  4.000E-04  0.000E+00
 CLOUD COVER RATE OF SUBLAYER
  0.000E+00
 GAS CONCENTRATIONS PPMV
  3.797E+00  3.300E+02  4.605E-01  1.224E-03  6.842E-01  1.501E-01  2.090E+05
    66.0  8.163E-05  238.90 : Z P T
 PARTICLE PARAMETERS
  0.000E+00  8.000E-04  0.000E+00
  0.000E+00  2.000E-03  0.000E+00
  0.000E+00  6.000E-04  0.000E+00
  0.000E+00  5.000E-06  0.000E+00
  0.000E+00  6.000E-05  0.000E+00
  0.000E+00  2.000E-05  0.000E+00
  0.000E+00  1.900E-05  0.000E+00
  0.000E+00  2.040E-04  0.000E+00
  0.000E+00  1.750E-05  0.000E+00
  0.000E+00  1.900E-05  0.000E+00
  0.000E+00  4.000E-04  0.000E+00
 CLOUD COVER RATE OF SUBLAYER
  0.000E+00
 GAS CONCENTRATIONS PPMV
  3.934E+00  3.300E+02  5.189E-01  1.289E-03  5.986E-01  1.500E-01  2.090E+05
    65.0  9.378E-05  240.90 : Z P T
 PARTICLE PARAMETERS
  0.000E+00  8.000E-04  0.000E+00
  0.000E+00  2.000E-03  0.000E+00
  0.000E+00  6.000E-04  0.000E+00
  0.000E+00  5.000E-06  0.000E+00
  0.000E+00  6.000E-05  0.000E+00
  0.000E+00  2.000E-05  0.000E+00
  0.000E+00  1.900E-05  0.000E+00
  0.000E+00  2.040E-04  0.000E+00
  0.000E+00  1.750E-05  0.000E+00
  0.000E+00  1.900E-05  0.000E+00
  0.000E+00  4.000E-04  0.000E+00
 CLOUD COVER RATE OF SUBLAYER
  0.000E+00
 GAS CONCENTRATIONS PPMV
  4.059E+00  3.300E+02  5.850E-01  1.353E-03  5.239E-01  1.499E-01  2.090E+05
    64.0  1.076E-04  242.87 : Z P T
 PARTICLE PARAMETERS
  0.000E+00  8.000E-04  0.000E+00
  0.000E+00  2.000E-03  0.000E+00
  0.000E+00  6.000E-04  0.000E+00
  0.000E+00  5.000E-06  0.000E+00
  0.000E+00  6.000E-05  0.000E+00
  0.000E+00  2.000E-05  0.000E+00
  0.000E+00  1.900E-05  0.000E+00
  0.000E+00  2.040E-04  0.000E+00
  0.000E+00  1.750E-05  0.000E+00
  0.000E+00  1.900E-05  0.000E+00
  0.000E+00  4.000E-04  0.000E+00
 CLOUD COVER RATE OF SUBLAYER
  0.000E+00
 GAS CONCENTRATIONS PPMV
  4.172E+00  3.300E+02  6.594E-01  1.420E-03  4.593E-01  1.498E-01  2.090E+05
    63.0  1.235E-04  244.82 : Z P T
 PARTICLE PARAMETERS
  0.000E+00  8.000E-04  0.000E+00
  0.000E+00  2.000E-03  0.000E+00
  0.000E+00  6.000E-04  0.000E+00
  0.000E+00  5.000E-06  0.000E+00
  0.000E+00  6.000E-05  0.000E+00
  0.000E+00  2.000E-05  0.000E+00
  0.000E+00  1.900E-05  0.000E+00
  0.000E+00  2.040E-04  0.000E+00
  0.000E+00  1.750E-05  0.000E+00
  0.000E+00  1.900E-05  0.000E+00
  0.000E+00  4.000E-04  0.000E+00
 CLOUD COVER RATE OF SUBLAYER
  0.000E+00
 GAS CONCENTRATIONS PPMV
  4.274E+00  3.300E+02  7.432E-01  1.499E-03  4.034E-01  1.497E-01  2.090E+05
    62.0  1.415E-04  246.78 : Z P T
 PARTICLE PARAMETERS
  0.000E+00  8.000E-04  0.000E+00
  0.000E+00  2.000E-03  0.000E+00
  0.000E+00  6.000E-04  0.000E+00
  0.000E+00  5.000E-06  0.000E+00
  0.000E+00  6.000E-05  0.000E+00
  0.000E+00  2.000E-05  0.000E+00
  0.000E+00  1.900E-05  0.000E+00
  0.000E+00  2.040E-04  0.000E+00
  0.000E+00  1.750E-05  0.000E+00
  0.000E+00  1.900E-05  0.000E+00
  0.000E+00  4.000E-04  0.000E+00
 CLOUD COVER RATE OF SUBLAYER
  0.000E+00
 GAS CONCENTRATIONS PPMV
  4.368E+00  3.300E+02  8.376E-01  1.601E-03  3.549E-01  1.497E-01  2.090E+05
    61.0  1.621E-04  248.77 : Z P T
 PARTICLE PARAMETERS
  0.000E+00  8.000E-04  0.000E+00
  0.000E+00  2.000E-03  0.000E+00
  0.000E+00  6.000E-04  0.000E+00
  0.000E+00  5.000E-06  0.000E+00
  0.000E+00  6.000E-05  0.000E+00
  0.000E+00  2.000E-05  0.000E+00
  0.000E+00  1.900E-05  0.000E+00
  0.000E+00  2.040E-04  0.000E+00
  0.000E+00  1.750E-05  0.000E+00
  0.000E+00  1.900E-05  0.000E+00
  0.000E+00  4.000E-04  0.000E+00
 CLOUD COVER RATE OF SUBLAYER
  0.000E+00
 GAS CONCENTRATIONS PPMV
  4.457E+00  3.300E+02  9.438E-01  1.733E-03  3.125E-01  1.499E-01  2.090E+05
    60.0  1.856E-04  250.80 : Z P T
 PARTICLE PARAMETERS
  0.000E+00  8.000E-04  0.000E+00
  0.000E+00  2.000E-03  0.000E+00
  0.000E+00  6.000E-04  0.000E+00
  0.000E+00  5.000E-06  0.000E+00
  0.000E+00  6.000E-05  0.000E+00
  0.000E+00  2.000E-05  0.000E+00
  0.000E+00  1.900E-05  0.000E+00
  0.000E+00  2.040E-04  0.000E+00
  0.000E+00  1.750E-05  0.000E+00
  0.000E+00  1.900E-05  0.000E+00
  0.000E+00  4.000E-04  0.000E+00
 CLOUD COVER RATE OF SUBLAYER
  0.000E+00
 GAS CONCENTRATIONS PPMV
  4.542E+00  3.300E+02  1.063E+00  1.904E-03  2.749E-01  1.503E-01  2.090E+05
    59.0  2.122E-04  252.88 : Z P T
 PARTICLE PARAMETERS
  0.000E+00  8.000E-04  0.000E+00
  0.000E+00  2.000E-03  0.000E+00
  0.000E+00  6.000E-04  0.000E+00
  0.000E+00  5.000E-06  0.000E+00
  0.000E+00  6.000E-05  0.000E+00
  0.000E+00  2.000E-05  0.000E+00
  0.000E+00  1.900E-05  0.000E+00
  0.000E+00  2.040E-04  0.000E+00
  0.000E+00  1.750E-05  0.000E+00
  0.000E+00  1.900E-05  0.000E+00
  0.000E+00  4.000E-04  0.000E+00
 CLOUD COVER RATE OF SUBLAYER
  0.000E+00
 GAS CONCENTRATIONS PPMV
  4.625E+00  3.300E+02  1.193E+00  2.104E-03  2.412E-01  1.510E-01  2.090E+05
    58.0  2.422E-04  254.97 : Z P T
 PARTICLE PARAMETERS
  0.000E+00  8.000E-04  0.000E+00
  0.000E+00  2.000E-03  0.000E+00
  0.000E+00  6.000E-04  0.000E+00
  0.000E+00  5.000E-06  0.000E+00
  0.000E+00  6.000E-05  0.000E+00
  0.000E+00  2.000E-05  0.000E+00
  0.000E+00  1.900E-05  0.000E+00
  0.000E+00  2.040E-04  0.000E+00
  0.000E+00  1.750E-05  0.000E+00
  0.000E+00  1.900E-05  0.000E+00
  0.000E+00  4.000E-04  0.000E+00
 CLOUD COVER RATE OF SUBLAYER
  0.000E+00
 GAS CONCENTRATIONS PPMV
  4.702E+00  3.300E+02  1.333E+00  2.304E-03  2.110E-01  1.522E-01  2.090E+05
    57.0  2.762E-04  256.99 : Z P T
 PARTICLE PARAMETERS
  0.000E+00  8.000E-04  0.000E+00
  0.000E+00  2.000E-03  0.000E+00
  0.000E+00  6.000E-04  0.000E+00
  0.000E+00  5.000E-06  0.000E+00
  0.000E+00  6.000E-05  0.000E+00
  0.000E+00  2.000E-05  0.000E+00
  0.000E+00  1.900E-05  0.000E+00
  0.000E+00  2.040E-04  0.000E+00
  0.000E+00  1.750E-05  0.000E+00
  0.000E+00  1.900E-05  0.000E+00
  0.000E+00  4.000E-04  0.000E+00
 CLOUD COVER RATE OF SUBLAYER
  0.000E+00
 GAS CONCENTRATIONS PPMV
  4.770E+00  3.300E+02  1.478E+00  2.476E-03  1.839E-01  1.538E-01  2.090E+05
    56.0  3.144E-04  258.89 : Z P T
 PARTICLE PARAMETERS
  0.000E+00  8.000E-04  0.000E+00
  0.000E+00  2.000E-03  0.000E+00
  0.000E+00  6.000E-04  0.000E+00
  0.000E+00  5.000E-06  0.000E+00
  0.000E+00  6.000E-05  0.000E+00
  0.000E+00  2.000E-05  0.000E+00
  0.000E+00  1.900E-05  0.000E+00
  0.000E+00  2.040E-04  0.000E+00
  0.000E+00  1.750E-05  0.000E+00
  0.000E+00  1.900E-05  0.000E+00
  0.000E+00  4.000E-04  0.000E+00
 CLOUD COVER RATE OF SUBLAYER
  0.000E+00
 GAS CONCENTRATIONS PPMV
  4.826E+00  3.300E+02  1.626E+00  2.590E-03  1.596E-01  1.561E-01  2.090E+05
    55.0  3.574E-04  260.60 : Z P T
 PARTICLE PARAMETERS
  0.000E+00  8.000E-04  0.000E+00
  0.000E+00  2.000E-03  0.000E+00
  0.000E+00  6.000E-04  0.000E+00
  0.000E+00  5.000E-06  0.000E+00
  0.000E+00  6.000E-05  0.000E+00
  0.000E+00  2.000E-05  0.000E+00
  0.000E+00  1.900E-05  0.000E+00
  0.000E+00  2.040E-04  0.000E+00
  0.000E+00  1.750E-05  0.000E+00
  0.000E+00  1.900E-05  0.000E+00
  0.000E+00  4.000E-04  0.000E+00
 CLOUD COVER RATE OF SUBLAYER
  0.000E+00
 GAS CONCENTRATIONS PPMV
  4.867E+00  3.300E+02  1.775E+00  2.629E-03  1.375E-01  1.591E-01  2.090E+05
    54.0  4.055E-04  262.07 : Z P T
 PARTICLE PARAMETERS
  0.000E+00  8.000E-04  0.000E+00
  0.000E+00  2.000E-03  0.000E+00
  0.000E+00  6.000E-04  0.000E+00
  0.000E+00  5.000E-06  0.000E+00
  0.000E+00  6.000E-05  0.000E+00
  0.000E+00  2.000E-05  0.000E+00
  0.000E+00  1.900E-05  0.000E+00
  0.000E+00  2.040E-04  0.000E+00
  0.000E+00  1.750E-05  0.000E+00
  0.000E+00  1.900E-05  0.000E+00
  0.000E+00  4.000E-04  0.000E+00
 CLOUD COVER RATE OF SUBLAYER
  0.000E+00
 GAS CONCENTRATIONS PPMV
  4.894E+00  3.300E+02  1.931E+00  2.642E-03  1.176E-01  1.632E-01  2.090E+05
    53.0  4.599E-04  263.30 : Z P T
 PARTICLE PARAMETERS
  0.000E+00  8.000E-04  0.000E+00
  0.000E+00  2.000E-03  0.000E+00
  0.000E+00  6.000E-04  0.000E+00
  0.000E+00  5.000E-06  0.000E+00
  0.000E+00  6.000E-05  0.000E+00
  0.000E+00  2.000E-05  0.000E+00
  0.000E+00  1.900E-05  0.000E+00
  0.000E+00  2.040E-04  0.000E+00
  0.000E+00  1.750E-05  0.000E+00
  0.000E+00  1.900E-05  0.000E+00
  0.000E+00  4.000E-04  0.000E+00
 CLOUD COVER RATE OF SUBLAYER
  0.000E+00
 GAS CONCENTRATIONS PPMV
  4.913E+00  3.300E+02  2.109E+00  2.744E-03  9.963E-02  1.690E-01  2.090E+05
    52.0  5.220E-04  264.31 : Z P T
 PARTICLE PARAMETERS
  0.000E+00  8.000E-04  0.000E+00
  0.000E+00  2.000E-03  0.000E+00
  0.000E+00  6.000E-04  0.000E+00
  0.000E+00  5.000E-06  0.000E+00
  0.000E+00  6.000E-05  0.000E+00
  0.000E+00  2.000E-05  0.000E+00
  0.000E+00  1.900E-05  0.000E+00
  0.000E+00  2.040E-04  0.000E+00
  0.000E+00  1.750E-05  0.000E+00
  0.000E+00  1.900E-05  0.000E+00
  0.000E+00  4.000E-04  0.000E+00
 CLOUD COVER RATE OF SUBLAYER
  0.000E+00
 GAS CONCENTRATIONS PPMV
  4.927E+00  3.300E+02  2.326E+00  3.064E-03  8.353E-02  1.771E-01  2.090E+05
    51.0  5.930E-04  265.10 : Z P T
 PARTICLE PARAMETERS
  0.000E+00  8.000E-04  0.000E+00
  0.000E+00  2.000E-03  0.000E+00
  0.000E+00  6.000E-04  0.000E+00
  0.000E+00  5.000E-06  0.000E+00
  0.000E+00  6.000E-05  0.000E+00
  0.000E+00  2.000E-05  0.000E+00
  0.000E+00  1.900E-05  0.000E+00
  0.000E+00  2.040E-04  0.000E+00
  0.000E+00  1.750E-05  0.000E+00
  0.000E+00  1.900E-05  0.000E+00
  0.000E+00  4.000E-04  0.000E+00
 CLOUD COVER RATE OF SUBLAYER
  0.000E+00
 GAS CONCENTRATIONS PPMV
  4.942E+00  3.300E+02  2.598E+00  3.729E-03  6.919E-02  1.881E-01  2.090E+05
    50.0  6.742E-04  265.70 : Z P T
 PARTICLE PARAMETERS
  0.000E+00  8.000E-04  0.000E+00
  0.000E+00  2.000E-03  0.000E+00
  0.000E+00  6.000E-04  0.000E+00
  0.000E+00  5.000E-06  0.000E+00
  0.000E+00  6.000E-05  0.000E+00
  0.000E+00  2.000E-05  0.000E+00
  0.000E+00  1.900E-05  0.000E+00
  0.000E+00  2.040E-04  0.000E+00
  0.000E+00  1.750E-05  0.000E+00
  0.000E+00  1.900E-05  0.000E+00
  0.000E+00  4.000E-04  0.000E+00
 CLOUD COVER RATE OF SUBLAYER
  0.000E+00
 GAS CONCENTRATIONS PPMV
  4.961E+00  3.300E+02  2.935E+00  4.839E-03  5.659E-02  2.025E-01  2.090E+05
    49.0  7.668E-04  266.03 : Z P T
 PARTICLE PARAMETERS
  0.000E+00  8.000E-04  0.000E+00
  0.000E+00  2.000E-03  0.000E+00
  0.000E+00  6.000E-04  0.000E+00
  0.000E+00  5.000E-06  0.000E+00
  0.000E+00  6.000E-05  0.000E+00
  0.000E+00  2.000E-05  0.000E+00
  0.000E+00  1.900E-05  0.000E+00
  0.000E+00  2.040E-04  0.000E+00
  0.000E+00  1.750E-05  0.000E+00
  0.000E+00  1.900E-05  0.000E+00
  0.000E+00  4.000E-04  0.000E+00
 CLOUD COVER RATE OF SUBLAYER
  0.000E+00
 GAS CONCENTRATIONS PPMV
  4.983E+00  3.300E+02  3.317E+00  6.350E-03  4.610E-02  2.198E-01  2.090E+05
    48.0  8.712E-04  265.68 : Z P T
 PARTICLE PARAMETERS
  0.000E+00  8.000E-04  0.000E+00
  0.000E+00  2.000E-03  0.000E+00
  0.000E+00  6.000E-04  0.000E+00
  0.000E+00  5.000E-06  0.000E+00
  0.000E+00  6.000E-05  0.000E+00
  0.000E+00  2.000E-05  0.000E+00
  0.000E+00  1.900E-05  0.000E+00
  0.000E+00  2.040E-04  0.000E+00
  0.000E+00  1.750E-05  0.000E+00
  0.000E+00  1.900E-05  0.000E+00
  0.000E+00  4.000E-04  0.000E+00
 CLOUD COVER RATE OF SUBLAYER
  0.000E+00
 GAS CONCENTRATIONS PPMV
  4.998E+00  3.300E+02  3.693E+00  8.075E-03  3.847E-02  2.386E-01  2.090E+05
    47.0  9.879E-04  264.19 : Z P T
 PARTICLE PARAMETERS
  0.000E+00  8.000E-04  0.000E+00
  0.000E+00  2.000E-03  0.000E+00
  0.000E+00  6.000E-04  0.000E+00
  0.000E+00  5.000E-06  0.000E+00
  0.000E+00  6.000E-05  0.000E+00
  0.000E+00  2.000E-05  0.000E+00
  0.000E+00  1.900E-05  0.000E+00
  0.000E+00  2.040E-04  0.000E+00
  0.000E+00  1.750E-05  0.000E+00
  0.000E+00  1.900E-05  0.000E+00
  0.000E+00  4.000E-04  0.000E+00
 CLOUD COVER RATE OF SUBLAYER
  0.000E+00
 GAS CONCENTRATIONS PPMV
  5.003E+00  3.300E+02  4.042E+00  9.915E-03  3.392E-02  2.580E-01  2.090E+05
    46.0  1.120E-03  261.60 : Z P T
 PARTICLE PARAMETERS
  0.000E+00  8.000E-04  0.000E+00
  0.000E+00  2.000E-03  0.000E+00
  0.000E+00  6.000E-04  0.000E+00
  0.000E+00  5.000E-06  0.000E+00
  0.000E+00  6.000E-05  0.000E+00
  0.000E+00  2.000E-05  0.000E+00
  0.000E+00  1.900E-05  0.000E+00
  0.000E+00  2.040E-04  0.000E+00
  0.000E+00  1.750E-05  0.000E+00
  0.000E+00  1.900E-05  0.000E+00
  0.000E+00  4.000E-04  0.000E+00
 CLOUD COVER RATE OF SUBLAYER
  0.000E+00
 GAS CONCENTRATIONS PPMV
  5.001E+00  3.300E+02  4.405E+00  1.199E-02  3.146E-02  2.777E-01  2.090E+05
    45.0  1.273E-03  258.50 : Z P T
 PARTICLE PARAMETERS
  0.000E+00  8.000E-04  0.000E+00
  0.000E+00  2.000E-03  0.000E+00
  0.000E+00  6.000E-04  0.000E+00
  0.000E+00  5.000E-06  0.000E+00
  0.000E+00  6.000E-05  0.000E+00
  0.000E+00  2.000E-05  0.000E+00
  0.000E+00  1.900E-05  0.000E+00
  0.000E+00  2.040E-04  0.000E+00
  0.000E+00  1.750E-05  0.000E+00
  0.000E+00  1.900E-05  0.000E+00
  0.000E+00  4.000E-04  0.000E+00
 CLOUD COVER RATE OF SUBLAYER
  0.000E+00
 GAS CONCENTRATIONS PPMV
  5.001E+00  3.300E+02  4.846E+00  1.449E-02  2.969E-02  2.978E-01  2.090E+05
    44.0  1.453E-03  255.38 : Z P T
 PARTICLE PARAMETERS
  0.000E+00  8.000E-04  0.000E+00
  0.000E+00  2.000E-03  0.000E+00
  0.000E+00  6.000E-04  0.000E+00
  0.000E+00  5.000E-06  0.000E+00
  0.000E+00  6.000E-05  0.000E+00
  0.000E+00  2.000E-05  0.000E+00
  0.000E+00  1.900E-05  0.000E+00
  0.000E+00  2.040E-04  0.000E+00
  0.000E+00  1.750E-05  0.000E+00
  0.000E+00  1.900E-05  0.000E+00
  0.000E+00  4.000E-04  0.000E+00
 CLOUD COVER RATE OF SUBLAYER
  0.000E+00
 GAS CONCENTRATIONS PPMV
  5.003E+00  3.300E+02  5.364E+00  1.748E-02  2.792E-02  3.185E-01  2.090E+05
    43.0  1.661E-03  252.32 : Z P T
 PARTICLE PARAMETERS
  0.000E+00  8.000E-04  0.000E+00
  0.000E+00  2.000E-03  0.000E+00
  0.000E+00  6.000E-04  0.000E+00
  0.000E+00  5.000E-06  0.000E+00
  0.000E+00  6.000E-05  0.000E+00
  0.000E+00  2.000E-05  0.000E+00
  0.000E+00  1.900E-05  0.000E+00
  0.000E+00  2.040E-04  0.000E+00
  0.000E+00  1.750E-05  0.000E+00
  0.000E+00  1.900E-05  0.000E+00
  0.000E+00  4.000E-04  0.000E+00
 CLOUD COVER RATE OF SUBLAYER
  0.000E+00
 GAS CONCENTRATIONS PPMV
  4.998E+00  3.300E+02  5.892E+00  2.083E-02  2.626E-02  3.395E-01  2.090E+05
    42.0  1.901E-03  249.29 : Z P T
 PARTICLE PARAMETERS
  0.000E+00  8.000E-04  0.000E+00
  0.000E+00  2.000E-03  0.000E+00
  0.000E+00  6.000E-04  0.000E+00
  0.000E+00  5.000E-06  0.000E+00
  0.000E+00  6.000E-05  0.000E+00
  0.000E+00  2.000E-05  0.000E+00
  0.000E+00  1.900E-05  0.000E+00
  0.000E+00  2.040E-04  0.000E+00
  0.000E+00  1.750E-05  0.000E+00
  0.000E+00  1.900E-05  0.000E+00
  0.000E+00  4.000E-04  0.000E+00
 CLOUD COVER RATE OF SUBLAYER
  0.000E+00
 GAS CONCENTRATIONS PPMV
  4.984E+00  3.300E+02  6.363E+00  2.441E-02  2.489E-02  3.608E-01  2.090E+05
    41.0  2.177E-03  246.26 : Z P T
 PARTICLE PARAMETERS
  0.000E+00  8.000E-04  0.000E+00
  0.000E+00  2.000E-03  0.000E+00
  0.000E+00  6.000E-04  0.000E+00
  0.000E+00  5.000E-06  0.000E+00
  0.000E+00  6.000E-05  0.000E+00
  0.000E+00  2.000E-05  0.000E+00
  0.000E+00  1.900E-05  0.000E+00
  0.000E+00  2.040E-04  0.000E+00
  0.000E+00  1.750E-05  0.000E+00
  0.000E+00  1.900E-05  0.000E+00
  0.000E+00  4.000E-04  0.000E+00
 CLOUD COVER RATE OF SUBLAYER
  0.000E+00
 GAS CONCENTRATIONS PPMV
  4.962E+00  3.300E+02  6.739E+00  2.810E-02  2.380E-02  3.823E-01  2.090E+05
    40.0  2.498E-03  243.20 : Z P T
 PARTICLE PARAMETERS
  0.000E+00  8.000E-04  0.000E+00
  0.000E+00  2.000E-03  0.000E+00
  0.000E+00  6.000E-04  0.000E+00
  0.000E+00  5.000E-06  0.000E+00
  0.000E+00  6.000E-05  0.000E+00
  0.000E+00  2.000E-05  0.000E+00
  0.000E+00  1.900E-05  0.000E+00
  0.000E+00  2.040E-04  0.000E+00
  0.000E+00  1.750E-05  0.000E+00
  0.000E+00  1.900E-05  0.000E+00
  0.000E+00  4.000E-04  0.000E+00
 CLOUD COVER RATE OF SUBLAYER
  0.000E+00
 GAS CONCENTRATIONS PPMV
  4.939E+00  3.300E+02  6.998E+00  3.180E-02  2.290E-02  4.041E-01  2.090E+05
    39.0  2.872E-03  240.10 : Z P T
 PARTICLE PARAMETERS
  0.000E+00  8.000E-04  0.000E+00
  0.000E+00  2.000E-03  0.000E+00
  0.000E+00  6.000E-04  0.000E+00
  0.000E+00  5.000E-06  0.000E+00
  0.000E+00  6.000E-05  0.000E+00
  0.000E+00  2.000E-05  0.000E+00
  0.000E+00  1.900E-05  0.000E+00
  0.000E+00  2.040E-04  0.000E+00
  0.000E+00  1.750E-05  0.000E+00
  0.000E+00  1.900E-05  0.000E+00
  0.000E+00  4.000E-04  0.000E+00
 CLOUD COVER RATE OF SUBLAYER
  0.000E+00
 GAS CONCENTRATIONS PPMV
  4.919E+00  3.300E+02  7.140E+00  3.560E-02  2.215E-02  4.262E-01  2.090E+05
    38.0  3.309E-03  237.02 : Z P T
 PARTICLE PARAMETERS
  0.000E+00  8.000E-04  0.000E+00
  0.000E+00  2.000E-03  0.000E+00
  0.000E+00  6.000E-04  0.000E+00
  0.000E+00  5.000E-06  0.000E+00
  0.000E+00  6.000E-05  0.000E+00
  0.000E+00  2.000E-05  0.000E+00
  0.000E+00  1.900E-05  0.000E+00
  0.000E+00  2.040E-04  0.000E+00
  0.000E+00  1.750E-05  0.000E+00
  0.000E+00  1.900E-05  0.000E+00
  0.000E+00  4.000E-04  0.000E+00
 CLOUD COVER RATE OF SUBLAYER
  0.000E+00
 GAS CONCENTRATIONS PPMV
  4.900E+00  3.300E+02  7.192E+00  3.975E-02  2.148E-02  4.481E-01  2.090E+05
    37.0  3.817E-03  234.01 : Z P T
 PARTICLE PARAMETERS
  0.000E+00  8.000E-04  0.000E+00
  0.000E+00  2.000E-03  0.000E+00
  0.000E+00  6.000E-04  0.000E+00
  0.000E+00  5.000E-06  0.000E+00
  0.000E+00  6.000E-05  0.000E+00
  0.000E+00  2.000E-05  0.000E+00
  0.000E+00  1.900E-05  0.000E+00
  0.000E+00  2.040E-04  0.000E+00
  0.000E+00  1.750E-05  0.000E+00
  0.000E+00  1.900E-05  0.000E+00
  0.000E+00  4.000E-04  0.000E+00
 CLOUD COVER RATE OF SUBLAYER
  0.000E+00
 GAS CONCENTRATIONS PPMV
  4.880E+00  3.300E+02  7.181E+00  4.431E-02  2.086E-02  4.700E-01  2.090E+05
    36.0  4.412E-03  231.02 : Z P T
 PARTICLE PARAMETERS
  0.000E+00  8.000E-04  0.000E+00
  0.000E+00  2.000E-03  0.000E+00
  0.000E+00  6.000E-04  0.000E+00
  0.000E+00  5.000E-06  0.000E+00
  0.000E+00  6.000E-05  0.000E+00
  0.000E+00  2.000E-05  0.000E+00
  0.000E+00  1.900E-05  0.000E+00
  0.000E+00  2.040E-04  0.000E+00
  0.000E+00  1.750E-05  0.000E+00
  0.000E+00  1.900E-05  0.000E+00
  0.000E+00  4.000E-04  0.000E+00
 CLOUD COVER RATE OF SUBLAYER
  0.000E+00
 GAS CONCENTRATIONS PPMV
  4.860E+00  3.300E+02  7.132E+00  4.891E-02  2.026E-02  4.930E-01  2.090E+05
    35.0  5.114E-03  227.90 : Z P T
 PARTICLE PARAMETERS
  0.000E+00  8.000E-04  0.000E+00
  0.000E+00  2.000E-03  0.000E+00
  0.000E+00  6.000E-04  0.000E+00
  0.000E+00  5.000E-06  0.000E+00
  0.000E+00  6.000E-05  0.000E+00
  0.000E+00  2.000E-05  0.000E+00
  0.000E+00  1.900E-05  0.000E+00
  0.000E+00  2.040E-04  0.000E+00
  0.000E+00  1.750E-05  0.000E+00
  0.000E+00  1.900E-05  0.000E+00
  0.000E+00  4.000E-04  0.000E+00
 CLOUD COVER RATE OF SUBLAYER
  0.000E+00
 GAS CONCENTRATIONS PPMV
  4.840E+00  3.300E+02  7.061E+00  5.312E-02  1.968E-02  5.185E-01  2.090E+05
    34.0  5.943E-03  224.60 : Z P T
 PARTICLE PARAMETERS
  0.000E+00  8.000E-04  0.000E+00
  0.000E+00  2.000E-03  0.000E+00
  0.000E+00  6.000E-04  0.000E+00
  0.000E+00  5.000E-06  0.000E+00
  0.000E+00  6.000E-05  0.000E+00
  0.000E+00  2.000E-05  0.000E+00
  0.000E+00  1.900E-05  0.000E+00
  0.000E+00  2.040E-04  0.000E+00
  0.000E+00  1.750E-05  0.000E+00
  0.000E+00  1.900E-05  0.000E+00
  0.000E+00  4.000E-04  0.000E+00
 CLOUD COVER RATE OF SUBLAYER
  0.000E+00
 GAS CONCENTRATIONS PPMV
  4.820E+00  3.300E+02  6.958E+00  5.705E-02  1.909E-02  5.463E-01  2.090E+05
    33.0  6.917E-03  221.60 : Z P T
 PARTICLE PARAMETERS
  0.000E+00  8.000E-04  0.000E+00
  0.000E+00  2.000E-03  0.000E+00
  0.000E+00  6.000E-04  0.000E+00
  0.000E+00  5.000E-06  0.000E+00
  0.000E+00  6.000E-05  0.000E+00
  0.000E+00  2.000E-05  0.000E+00
  0.000E+00  1.900E-05  0.000E+00
  0.000E+00  2.040E-04  0.000E+00
  0.000E+00  1.750E-05  0.000E+00
  0.000E+00  1.900E-05  0.000E+00
  0.000E+00  4.000E-04  0.000E+00
 CLOUD COVER RATE OF SUBLAYER
  0.000E+00
 GAS CONCENTRATIONS PPMV
  4.800E+00  3.300E+02  6.787E+00  6.140E-02  1.850E-02  5.744E-01  2.090E+05
    32.0  8.052E-03  219.47 : Z P T
 PARTICLE PARAMETERS
  0.000E+00  8.000E-04  0.000E+00
  0.000E+00  2.000E-03  0.000E+00
  0.000E+00  6.000E-04  0.000E+00
  0.000E+00  5.000E-06  0.000E+00
  0.000E+00  6.000E-05  0.000E+00
  0.000E+00  2.000E-05  0.000E+00
  0.000E+00  1.900E-05  0.000E+00
  0.000E+00  2.040E-04  0.000E+00
  0.000E+00  1.750E-05  0.000E+00
  0.000E+00  1.900E-05  0.000E+00
  0.000E+00  4.000E-04  0.000E+00
 CLOUD COVER RATE OF SUBLAYER
  0.000E+00
 GAS CONCENTRATIONS PPMV
  4.780E+00  3.300E+02  6.536E+00  6.659E-02  1.793E-02  6.019E-01  2.090E+05
    31.0  9.382E-03  218.24 : Z P T
 PARTICLE PARAMETERS
  0.000E+00  8.000E-04  0.000E+00
  0.000E+00  2.000E-03  0.000E+00
  0.000E+00  6.000E-04  0.000E+00
  0.000E+00  5.000E-06  0.000E+00
  0.000E+00  6.000E-05  0.000E+00
  0.000E+00  2.000E-05  0.000E+00
  0.000E+00  1.900E-05  0.000E+00
  0.000E+00  2.040E-04  0.000E+00
  0.000E+00  1.750E-05  0.000E+00
  0.000E+00  1.900E-05  0.000E+00
  0.000E+00  4.000E-04  0.000E+00
 CLOUD COVER RATE OF SUBLAYER
  0.000E+00
 GAS CONCENTRATIONS PPMV
  4.760E+00  3.300E+02  6.246E+00  7.232E-02  1.737E-02  6.296E-01  2.090E+05
    30.0  1.096E-02  217.40 : Z P T
 PARTICLE PARAMETERS
  0.000E+00  8.000E-04  0.000E+00
  0.000E+00  2.000E-03  0.000E+00
  0.000E+00  6.000E-04  0.000E+00
  0.000E+00  5.000E-06  0.000E+00
  0.000E+00  6.000E-05  0.000E+00
  0.000E+00  2.000E-05  0.000E+00
  0.000E+00  1.900E-05  0.000E+00
  0.000E+00  2.040E-04  0.000E+00
  0.000E+00  1.750E-05  0.000E+00
  0.000E+00  1.900E-05  0.000E+00
  0.000E+00  4.000E-04  0.000E+00
 CLOUD COVER RATE OF SUBLAYER
  0.000E+00
 GAS CONCENTRATIONS PPMV
  4.739E+00  3.300E+02  5.981E+00  7.795E-02  1.684E-02  6.589E-01  2.090E+05
    29.0  1.283E-02  216.55 : Z P T
 PARTICLE PARAMETERS
  0.000E+00  8.000E-04  0.000E+00
  0.000E+00  2.000E-03  0.000E+00
  0.000E+00  6.000E-04  0.000E+00
  0.000E+00  5.000E-06  0.000E+00
  0.000E+00  6.000E-05  0.000E+00
  0.000E+00  2.000E-05  0.000E+00
  0.000E+00  1.900E-05  0.000E+00
  0.000E+00  2.040E-04  0.000E+00
  0.000E+00  1.750E-05  0.000E+00
  0.000E+00  1.900E-05  0.000E+00
  0.000E+00  4.000E-04  0.000E+00
 CLOUD COVER RATE OF SUBLAYER
  0.000E+00
 GAS CONCENTRATIONS PPMV
  4.718E+00  3.300E+02  5.770E+00  8.290E-02  1.637E-02  6.880E-01  2.090E+05
    28.0  1.502E-02  215.78 : Z P T
 PARTICLE PARAMETERS
  0.000E+00  8.000E-04  0.000E+00
  0.000E+00  2.000E-03  0.000E+00
  0.000E+00  6.000E-04  0.000E+00
  0.000E+00  5.000E-06  0.000E+00
  0.000E+00  6.000E-05  0.000E+00
  0.000E+00  2.000E-05  0.000E+00
  0.000E+00  1.900E-05  0.000E+00
  0.000E+00  2.040E-04  0.000E+00
  0.000E+00  1.750E-05  0.000E+00
  0.000E+00  1.900E-05  0.000E+00
  0.000E+00  4.000E-04  0.000E+00
 CLOUD COVER RATE OF SUBLAYER
  0.000E+00
 GAS CONCENTRATIONS PPMV
  4.701E+00  3.300E+02  5.603E+00  8.677E-02  1.600E-02  7.119E-01  2.090E+05
    27.0  1.757E-02  215.32 : Z P T
 PARTICLE PARAMETERS
  0.000E+00  8.000E-04  0.000E+00
  0.000E+00  2.000E-03  0.000E+00
  0.000E+00  6.000E-04  0.000E+00
  0.000E+00  5.000E-06  0.000E+00
  0.000E+00  6.000E-05  0.000E+00
  0.000E+00  2.000E-05  0.000E+00
  0.000E+00  1.900E-05  0.000E+00
  0.000E+00  2.040E-04  0.000E+00
  0.000E+00  1.750E-05  0.000E+00
  0.000E+00  1.900E-05  0.000E+00
  0.000E+00  4.000E-04  0.000E+00
 CLOUD COVER RATE OF SUBLAYER
  0.000E+00
 GAS CONCENTRATIONS PPMV
  4.686E+00  3.300E+02  5.447E+00  8.987E-02  1.570E-02  7.332E-01  2.090E+05
    26.0  2.056E-02  215.19 : Z P T
 PARTICLE PARAMETERS
  0.000E+00  8.000E-04  0.000E+00
  0.000E+00  2.000E-03  0.000E+00
  0.000E+00  6.000E-04  0.000E+00
  0.000E+00  5.000E-06  0.000E+00
  0.000E+00  6.000E-05  0.000E+00
  0.000E+00  2.000E-05  0.000E+00
  0.000E+00  1.900E-05  0.000E+00
  0.000E+00  2.040E-04  0.000E+00
  0.000E+00  1.750E-05  0.000E+00
  0.000E+00  1.900E-05  0.000E+00
  0.000E+00  4.000E-04  0.000E+00
 CLOUD COVER RATE OF SUBLAYER
  0.000E+00
 GAS CONCENTRATIONS PPMV
  4.664E+00  3.300E+02  5.233E+00  9.399E-02  1.527E-02  7.687E-01  2.090E+05
    25.0  2.409E-02  215.20 : Z P T
 PARTICLE PARAMETERS
  0.000E+00  8.000E-04  0.000E+00
  0.000E+00  2.000E-03  0.000E+00
  0.000E+00  6.000E-04  0.000E+00
  0.000E+00  5.000E-06  0.000E+00
  0.000E+00  6.000E-05  0.000E+00
  0.000E+00  2.000E-05  0.000E+00
  0.000E+00  1.900E-05  0.000E+00
  0.000E+00  2.040E-04  0.000E+00
  0.000E+00  1.750E-05  0.000E+00
  0.000E+00  1.900E-05  0.000E+00
  0.000E+00  4.000E-04  0.000E+00
 CLOUD COVER RATE OF SUBLAYER
  0.000E+00
 GAS CONCENTRATIONS PPMV
  4.625E+00  3.300E+02  4.900E+00  1.007E-01  1.449E-02  8.366E-01  2.090E+05
    24.0  2.823E-02  215.20 : Z P T
 PARTICLE PARAMETERS
  0.000E+00  8.000E-04  0.000E+00
  0.000E+00  2.000E-03  0.000E+00
  0.000E+00  6.000E-04  0.000E+00
  0.000E+00  5.000E-06  0.000E+00
  0.000E+00  6.000E-05  0.000E+00
  0.000E+00  2.000E-05  0.000E+00
  0.000E+00  1.900E-05  0.000E+00
  0.000E+00  2.040E-04  0.000E+00
  0.000E+00  1.750E-05  0.000E+00
  0.000E+00  1.900E-05  0.000E+00
  0.000E+00  4.000E-04  0.000E+00
 CLOUD COVER RATE OF SUBLAYER
  0.000E+00
 GAS CONCENTRATIONS PPMV
  4.575E+00  3.300E+02  4.500E+00  1.086E-01  1.354E-02  9.265E-01  2.090E+05
    23.0  3.297E-02  215.20 : Z P T
 PARTICLE PARAMETERS
  0.000E+00  8.000E-04  0.000E+00
  0.000E+00  2.000E-03  0.000E+00
  0.000E+00  6.000E-04  0.000E+00
  0.000E+00  5.000E-06  0.000E+00
  0.000E+00  6.000E-05  0.000E+00
  0.000E+00  2.000E-05  0.000E+00
  0.000E+00  1.900E-05  0.000E+00
  0.000E+00  2.040E-04  0.000E+00
  0.000E+00  1.750E-05  0.000E+00
  0.000E+00  1.900E-05  0.000E+00
  0.000E+00  4.000E-04  0.000E+00
 CLOUD COVER RATE OF SUBLAYER
  0.000E+00
 GAS CONCENTRATIONS PPMV
  4.540E+00  3.300E+02  4.100E+00  1.177E-01  1.270E-02  1.020E+00  2.090E+05
    22.0  3.860E-02  215.20 : Z P T
 PARTICLE PARAMETERS
  0.000E+00  8.000E-04  0.000E+00
  0.000E+00  2.000E-03  0.000E+00
  0.000E+00  6.000E-04  0.000E+00
  0.000E+00  5.000E-06  0.000E+00
  0.000E+00  6.000E-05  0.000E+00
  0.000E+00  2.000E-05  0.000E+00
  0.000E+00  1.900E-05  0.000E+00
  0.000E+00  2.040E-04  0.000E+00
  0.000E+00  1.750E-05  0.000E+00
  0.000E+00  1.900E-05  0.000E+00
  0.000E+00  4.000E-04  0.000E+00
 CLOUD COVER RATE OF SUBLAYER
  0.000E+00
 GAS CONCENTRATIONS PPMV
  4.515E+00  3.300E+02  3.700E+00  1.296E-01  1.232E-02  1.110E+00  2.090E+05
    21.0  4.521E-02  215.20 : Z P T
 PARTICLE PARAMETERS
  0.000E+00  8.000E-04  0.000E+00
  0.000E+00  2.000E-03  0.000E+00
  0.000E+00  6.000E-04  0.000E+00
  0.000E+00  5.000E-06  0.000E+00
  0.000E+00  6.000E-05  0.000E+00
  0.000E+00  2.000E-05  0.000E+00
  0.000E+00  1.900E-05  0.000E+00
  0.000E+00  2.040E-04  0.000E+00
  0.000E+00  1.750E-05  0.000E+00
  0.000E+00  1.900E-05  0.000E+00
  0.000E+00  4.000E-04  0.000E+00
 CLOUD COVER RATE OF SUBLAYER
  0.000E+00
 GAS CONCENTRATIONS PPMV
  4.500E+00  3.300E+02  3.200E+00  1.491E-01  1.282E-02  1.189E+00  2.090E+05
    20.0  5.301E-02  215.20 : Z P T
 PARTICLE PARAMETERS
  0.000E+00  8.000E-04  0.000E+00
  0.000E+00  2.000E-03  0.000E+00
  0.000E+00  6.000E-04  0.000E+00
  0.000E+00  5.000E-06  0.000E+00
  0.000E+00  6.000E-05  0.000E+00
  0.000E+00  2.000E-05  0.000E+00
  0.000E+00  1.900E-05  0.000E+00
  0.000E+00  2.040E-04  0.000E+00
  0.000E+00  1.750E-05  0.000E+00
  0.000E+00  1.900E-05  0.000E+00
  0.000E+00  4.000E-04  0.000E+00
 CLOUD COVER RATE OF SUBLAYER
  0.000E+00
 GAS CONCENTRATIONS PPMV
  4.500E+00  3.300E+02  2.600E+00  1.732E-01  1.440E-02  1.253E+00  2.090E+05
    19.0  6.199E-02  215.20 : Z P T
 PARTICLE PARAMETERS
  0.000E+00  8.000E-04  0.000E+00
  0.000E+00  2.000E-03  0.000E+00
  0.000E+00  6.000E-04  0.000E+00
  0.000E+00  5.000E-06  0.000E+00
  0.000E+00  6.000E-05  0.000E+00
  0.000E+00  2.000E-05  0.000E+00
  0.000E+00  1.900E-05  0.000E+00
  0.000E+00  2.040E-04  0.000E+00
  0.000E+00  1.750E-05  0.000E+00
  0.000E+00  1.900E-05  0.000E+00
  0.000E+00  4.000E-04  0.000E+00
 CLOUD COVER RATE OF SUBLAYER
  0.000E+00
 GAS CONCENTRATIONS PPMV
  4.500E+00  3.300E+02  2.050E+00  2.008E-01  1.757E-02  1.302E+00  2.090E+05
    18.0  7.266E-02  215.70 : Z P T
 PARTICLE PARAMETERS
  0.000E+00  8.000E-04  0.000E+00
  0.000E+00  2.000E-03  0.000E+00
  0.000E+00  6.000E-04  0.000E+00
  0.000E+00  5.000E-06  0.000E+00
  0.000E+00  6.000E-05  0.000E+00
  0.000E+00  2.000E-05  0.000E+00
  0.000E+00  1.900E-05  0.000E+00
  0.000E+00  2.040E-04  0.000E+00
  0.000E+00  1.750E-05  0.000E+00
  0.000E+00  1.900E-05  0.000E+00
  0.000E+00  4.000E-04  0.000E+00
 CLOUD COVER RATE OF SUBLAYER
  0.000E+00
 GAS CONCENTRATIONS PPMV
  4.500E+00  3.300E+02  1.600E+00  2.298E-01  2.228E-02  1.339E+00  2.090E+05
    17.0  8.500E-02  216.20 : Z P T
 PARTICLE PARAMETERS
  0.000E+00  8.000E-04  0.000E+00
  0.000E+00  2.000E-03  0.000E+00
  0.000E+00  6.000E-04  0.000E+00
  0.000E+00  5.000E-06  0.000E+00
  0.000E+00  6.000E-05  0.000E+00
  0.000E+00  2.000E-05  0.000E+00
  0.000E+00  1.900E-05  0.000E+00
  0.000E+00  2.040E-04  0.000E+00
  0.000E+00  1.750E-05  0.000E+00
  0.000E+00  1.900E-05  0.000E+00
  0.000E+00  4.000E-04  0.000E+00
 CLOUD COVER RATE OF SUBLAYER
  0.000E+00
 GAS CONCENTRATIONS PPMV
  4.550E+00  3.300E+02  1.250E+00  2.516E-01  2.779E-02  1.373E+00  2.090E+05
    16.0  9.941E-02  216.70 : Z P T
 PARTICLE PARAMETERS
  0.000E+00  8.000E-04  0.000E+00
  0.000E+00  2.000E-03  0.000E+00
  0.000E+00  6.000E-04  0.000E+00
  0.000E+00  5.000E-06  0.000E+00
  0.000E+00  6.000E-05  0.000E+00
  0.000E+00  2.000E-05  0.000E+00
  0.000E+00  1.900E-05  0.000E+00
  0.000E+00  2.040E-04  0.000E+00
  0.000E+00  1.750E-05  0.000E+00
  0.000E+00  1.900E-05  0.000E+00
  0.000E+00  4.000E-04  0.000E+00
 CLOUD COVER RATE OF SUBLAYER
  0.000E+00
 GAS CONCENTRATIONS PPMV
  4.650E+00  3.300E+02  1.000E+00  2.668E-01  3.505E-02  1.406E+00  2.090E+05
    15.0  1.163E-01  217.20 : Z P T
 PARTICLE PARAMETERS
  0.000E+00  8.000E-04  0.000E+00
  0.000E+00  2.000E-03  0.000E+00
  0.000E+00  6.000E-04  0.000E+00
  0.000E+00  5.000E-06  0.000E+00
  0.000E+00  6.000E-05  0.000E+00
  0.000E+00  2.000E-05  0.000E+00
  0.000E+00  1.900E-05  0.000E+00
  0.000E+00  2.040E-04  0.000E+00
  0.000E+00  1.750E-05  0.000E+00
  0.000E+00  1.900E-05  0.000E+00
  0.000E+00  4.000E-04  0.000E+00
 CLOUD COVER RATE OF SUBLAYER
  0.000E+00
 GAS CONCENTRATIONS PPMV
  4.750E+00  3.300E+02  8.500E-01  2.762E-01  4.483E-02  1.437E+00  2.090E+05
    14.0  1.360E-01  217.70 : Z P T
 PARTICLE PARAMETERS
  0.000E+00  8.000E-04  0.000E+00
  0.000E+00  2.000E-03  0.000E+00
  0.000E+00  6.000E-04  0.000E+00
  0.000E+00  5.000E-06  0.000E+00
  0.000E+00  6.000E-05  0.000E+00
  0.000E+00  2.000E-05  0.000E+00
  0.000E+00  1.900E-05  0.000E+00
  0.000E+00  2.040E-04  0.000E+00
  0.000E+00  1.750E-05  0.000E+00
  0.000E+00  1.900E-05  0.000E+00
  0.000E+00  4.000E-04  0.000E+00
 CLOUD COVER RATE OF SUBLAYER
  0.000E+00
 GAS CONCENTRATIONS PPMV
  4.900E+00  3.300E+02  7.518E-01  2.830E-01  5.700E-02  1.465E+00  2.090E+05
    13.0  1.590E-01  218.20 : Z P T
 PARTICLE PARAMETERS
  0.000E+00  8.000E-04  0.000E+00
  0.000E+00  2.000E-03  0.000E+00
  0.000E+00  6.000E-04  0.000E+00
  0.000E+00  5.000E-06  0.000E+00
  0.000E+00  6.000E-05  0.000E+00
  0.000E+00  2.000E-05  0.000E+00
  0.000E+00  1.900E-05  0.000E+00
  0.000E+00  2.040E-04  0.000E+00
  0.000E+00  1.750E-05  0.000E+00
  0.000E+00  1.900E-05  0.000E+00
  0.000E+00  4.000E-04  0.000E+00
 CLOUD COVER RATE OF SUBLAYER
  0.000E+00
 GAS CONCENTRATIONS PPMV
  5.500E+00  3.300E+02  6.134E-01  2.898E-01  7.094E-02  1.493E+00  2.090E+05
    12.0  1.858E-01  218.70 : Z P T
 PARTICLE PARAMETERS
  0.000E+00  8.000E-04  0.000E+00
  0.000E+00  2.000E-03  0.000E+00
  0.000E+00  6.000E-04  0.000E+00
  0.000E+00  5.000E-06  0.000E+00
  0.000E+00  6.000E-05  0.000E+00
  0.000E+00  2.000E-05  0.000E+00
  0.000E+00  1.900E-05  0.000E+00
  0.000E+00  2.040E-04  0.000E+00
  0.000E+00  1.750E-05  0.000E+00
  0.000E+00  1.900E-05  0.000E+00
  0.000E+00  4.000E-04  0.000E+00
 CLOUD COVER RATE OF SUBLAYER
  0.000E+00
 GAS CONCENTRATIONS PPMV
  8.000E+00  3.300E+02  4.428E-01  2.963E-01  8.389E-02  1.525E+00  2.090E+05
    11.0  2.171E-01  219.20 : Z P T
 PARTICLE PARAMETERS
  0.000E+00  8.000E-04  0.000E+00
  0.000E+00  2.000E-03  0.000E+00
  0.000E+00  6.000E-04  0.000E+00
  0.000E+00  5.000E-06  0.000E+00
  0.000E+00  6.000E-05  0.000E+00
  0.000E+00  2.000E-05  0.000E+00
  0.000E+00  1.900E-05  0.000E+00
  0.000E+00  2.040E-04  0.000E+00
  0.000E+00  1.750E-05  0.000E+00
  0.000E+00  1.900E-05  0.000E+00
  0.000E+00  4.000E-04  0.000E+00
 CLOUD COVER RATE OF SUBLAYER
  0.000E+00
 GAS CONCENTRATIONS PPMV
  1.980E+01  3.300E+02  2.997E-01  3.043E-01  9.463E-02  1.560E+00  2.090E+05
    10.0  2.535E-01  219.70 : Z P T
 PARTICLE PARAMETERS
  0.000E+00  8.000E-04  0.000E+00
  0.000E+00  2.000E-03  0.000E+00
  0.000E+00  6.000E-04  0.000E+00
  0.000E+00  5.000E-06  0.000E+00
  0.000E+00  6.000E-05  0.000E+00
  0.000E+00  2.000E-05  0.000E+00
  0.000E+00  1.900E-05  0.000E+00
  0.000E+00  2.040E-04  0.000E+00
  0.000E+00  1.750E-05  0.000E+00
  0.000E+00  1.900E-05  0.000E+00
  0.000E+00  4.000E-04  0.000E+00
 CLOUD COVER RATE OF SUBLAYER
  0.000E+00
 GAS CONCENTRATIONS PPMV
  4.263E+01  3.300E+02  1.968E-01  3.129E-01  1.045E-01  1.597E+00  2.090E+05
     9.0  2.955E-01  225.70 : Z P T
 PARTICLE PARAMETERS
  0.000E+00  8.000E-04  0.000E+00
  0.000E+00  2.000E-03  0.000E+00
  0.000E+00  6.000E-04  0.000E+00
  0.000E+00  5.000E-06  0.000E+00
  0.000E+00  6.000E-05  0.000E+00
  0.000E+00  2.000E-05  0.000E+00
  0.000E+00  1.900E-05  0.000E+00
  0.000E+00  2.040E-04  0.000E+00
  0.000E+00  1.750E-05  0.000E+00
  0.000E+00  1.900E-05  0.000E+00
  0.000E+00  4.000E-04  0.000E+00
 CLOUD COVER RATE OF SUBLAYER
  0.000E+00
 GAS CONCENTRATIONS PPMV
  8.168E+01  3.300E+02  1.303E-01  3.179E-01  1.139E-01  1.622E+00  2.090E+05
     8.0  3.428E-01  231.70 : Z P T
 PARTICLE PARAMETERS
  0.000E+00  8.000E-04  0.000E+00
  0.000E+00  2.000E-03  0.000E+00
  0.000E+00  6.000E-04  0.000E+00
  0.000E+00  5.000E-06  0.000E+00
  0.000E+00  6.000E-05  0.000E+00
  0.000E+00  2.000E-05  0.000E+00
  0.000E+00  1.900E-05  0.000E+00
  0.000E+00  2.040E-04  0.000E+00
  0.000E+00  1.750E-05  0.000E+00
  0.000E+00  1.900E-05  0.000E+00
  0.000E+00  4.000E-04  0.000E+00
 CLOUD COVER RATE OF SUBLAYER
  0.000E+00
 GAS CONCENTRATIONS PPMV
  1.699E+02  3.300E+02  9.141E-02  3.198E-01  1.216E-01  1.639E+00  2.090E+05
     7.0  3.964E-01  237.70 : Z P T
 PARTICLE PARAMETERS
  0.000E+00  8.000E-04  0.000E+00
  0.000E+00  2.000E-03  0.000E+00
  0.000E+00  6.000E-04  0.000E+00
  0.000E+00  5.000E-06  0.000E+00
  0.000E+00  6.000E-05  0.000E+00
  0.000E+00  2.000E-05  0.000E+00
  0.000E+00  1.900E-05  0.000E+00
  0.000E+00  2.040E-04  0.000E+00
  0.000E+00  1.750E-05  0.000E+00
  0.000E+00  1.900E-05  0.000E+00
  0.000E+00  4.000E-04  0.000E+00
 CLOUD COVER RATE OF SUBLAYER
  0.000E+00
 GAS CONCENTRATIONS PPMV
  3.712E+02  3.300E+02  6.864E-02  3.200E-01  1.268E-01  1.661E+00  2.090E+05
     6.0  4.568E-01  243.70 : Z P T
 PARTICLE PARAMETERS
  0.000E+00  8.000E-04  0.000E+00
  0.000E+00  2.000E-03  0.000E+00
  0.000E+00  6.000E-04  0.000E+00
  0.000E+00  5.000E-06  0.000E+00
  0.000E+00  6.000E-05  0.000E+00
  0.000E+00  2.000E-05  0.000E+00
  0.000E+00  1.900E-05  0.000E+00
  0.000E+00  2.040E-04  0.000E+00
  0.000E+00  1.750E-05  0.000E+00
  0.000E+00  1.900E-05  0.000E+00
  0.000E+00  4.000E-04  0.000E+00
 CLOUD COVER RATE OF SUBLAYER
  0.000E+00
 GAS CONCENTRATIONS PPMV
  6.672E+02  3.300E+02  5.278E-02  3.200E-01  1.296E-01  1.680E+00  2.090E+05
     5.0  5.245E-01  249.70 : Z P T
 PARTICLE PARAMETERS
  0.000E+00  8.000E-04  0.000E+00
  0.000E+00  2.000E-03  0.000E+00
  0.000E+00  6.000E-04  0.000E+00
  0.000E+00  5.000E-06  0.000E+00
  0.000E+00  6.000E-05  0.000E+00
  0.000E+00  2.000E-05  0.000E+00
  0.000E+00  1.900E-05  0.000E+00
  0.000E+00  2.040E-04  0.000E+00
  0.000E+00  1.750E-05  0.000E+00
  0.000E+00  1.900E-05  0.000E+00
  0.000E+00  4.000E-04  0.000E+00
 CLOUD COVER RATE OF SUBLAYER
  0.000E+00
 GAS CONCENTRATIONS PPMV
  1.052E+03  3.300E+02  4.143E-02  3.200E-01  1.308E-01  1.692E+00  2.090E+05
     4.0  6.003E-01  255.70 : Z P T
 PARTICLE PARAMETERS
  0.000E+00  8.000E-04  0.000E+00
  0.000E+00  2.000E-03  0.000E+00
  0.000E+00  6.000E-04  0.000E+00
  0.000E+00  5.000E-06  0.000E+00
  0.000E+00  6.000E-05  0.000E+00
  0.000E+00  2.000E-05  0.000E+00
  0.000E+00  1.900E-05  0.000E+00
  0.000E+00  2.040E-04  0.000E+00
  0.000E+00  1.750E-05  0.000E+00
  0.000E+00  1.900E-05  0.000E+00
  0.000E+00  4.000E-04  0.000E+00
 CLOUD COVER RATE OF SUBLAYER
  0.000E+00
 GAS CONCENTRATIONS PPMV
  1.684E+03  3.300E+02  3.383E-02  3.200E-01  1.331E-01  1.698E+00  2.090E+05
     3.0  6.849E-01  261.70 : Z P T
 PARTICLE PARAMETERS
  0.000E+00  8.000E-04  0.000E+00
  0.000E+00  2.000E-03  0.000E+00
  0.000E+00  6.000E-04  0.000E+00
  0.000E+00  5.000E-06  0.000E+00
  0.000E+00  6.000E-05  0.000E+00
  0.000E+00  2.000E-05  0.000E+00
  0.000E+00  1.900E-05  0.000E+00
  0.000E+00  2.040E-04  0.000E+00
  0.000E+00  1.750E-05  0.000E+00
  0.000E+00  1.900E-05  0.000E+00
  0.000E+00  4.000E-04  0.000E+00
 CLOUD COVER RATE OF SUBLAYER
  0.000E+00
 GAS CONCENTRATIONS PPMV
  2.438E+03  3.300E+02  3.024E-02  3.200E-01  1.374E-01  1.700E+00  2.090E+05
     2.0  7.796E-01  265.20 : Z P T
 PARTICLE PARAMETERS
  0.000E+00  8.000E-04  0.000E+00
  0.000E+00  2.000E-03  0.000E+00
  0.000E+00  6.000E-04  0.000E+00
  0.000E+00  5.000E-06  0.000E+00
  0.000E+00  6.000E-05  0.000E+00
  0.000E+00  2.000E-05  0.000E+00
  0.000E+00  1.900E-05  0.000E+00
  0.000E+00  2.040E-04  0.000E+00
  0.000E+00  1.750E-05  0.000E+00
  0.000E+00  1.900E-05  0.000E+00
  0.000E+00  4.000E-04  0.000E+00
 CLOUD COVER RATE OF SUBLAYER
  0.000E+00
 GAS CONCENTRATIONS PPMV
  3.121E+03  3.300E+02  2.825E-02  3.200E-01  1.425E-01  1.700E+00  2.090E+05
     1.0  8.858E-01  268.70 : Z P T
 PARTICLE PARAMETERS
  0.000E+00  8.000E-04  0.000E+00
  0.000E+00  2.000E-03  0.000E+00
  0.000E+00  6.000E-04  0.000E+00
  0.000E+00  5.000E-06  0.000E+00
  0.000E+00  6.000E-05  0.000E+00
  0.000E+00  2.000E-05  0.000E+00
  0.000E+00  1.900E-05  0.000E+00
  0.000E+00  2.040E-04  0.000E+00
  0.000E+00  1.750E-05  0.000E+00
  0.000E+00  1.900E-05  0.000E+00
  0.000E+00  4.000E-04  0.000E+00
 CLOUD COVER RATE OF SUBLAYER
  0.000E+00
 GAS CONCENTRATIONS PPMV
  3.885E+03  3.300E+02  2.789E-02  3.200E-01  1.475E-01  1.700E+00  2.090E+05
     0.0  1.005E+00  272.20 : Z P T
 300.0 : GTMP
  3.100E+00  5.000E-01  0.000E+00  0.000E+00  0.000E+00 : PRG
