100 0.500 : NL AMS
   100.0  3.159E-07  195.10 : Z P T
PARTICLE PARAMETERS
  0.000E+00  8.000E-04  0.000E+00
  0.000E+00  2.000E-03  0.000E+00
  0.000E+00  6.000E-04  0.000E+00
  0.000E+00  5.000E-06  0.000E+00
  0.000E+00  6.000E-05  0.000E+00
  0.000E+00  2.000E-05  0.000E+00
  0.000E+00  1.900E-05  0.000E+00
  0.000E+00  2.040E-04  0.000E+00
  0.000E+00  1.750E-05  0.000E+00
  0.000E+00  1.900E-05  0.000E+00
  0.000E+00  4.000E-04  0.000E+00
 CLOUD COVER RATE OF SUBLAYER
  0.000E+00
 GAS CONCENTRATIONS PPMV
  4.089E-01  2.035E+02  4.309E-01  3.378E-04  1.619E+01  1.210E-01  1.622E+05
    99.0  3.741E-07  193.30 : Z P T
 PARTICLE PARAMETERS
  0.000E+00  8.000E-04  0.000E+00
  0.000E+00  2.000E-03  0.000E+00
  0.000E+00  6.000E-04  0.000E+00
  0.000E+00  5.000E-06  0.000E+00
  0.000E+00  6.000E-05  0.000E+00
  0.000E+00  2.000E-05  0.000E+00
  0.000E+00  1.900E-05  0.000E+00
  0.000E+00  2.040E-04  0.000E+00
  0.000E+00  1.750E-05  0.000E+00
  0.000E+00  1.900E-05  0.000E+00
  0.000E+00  4.000E-04  0.000E+00
 CLOUD COVER RATE OF SUBLAYER
  0.000E+00
 GAS CONCENTRATIONS PPMV
  4.287E-01  2.202E+02  4.954E-01  3.492E-04  1.473E+01  1.230E-01  1.665E+05
    98.0  4.443E-07  191.73 : Z P T
 PARTICLE PARAMETERS
  0.000E+00  8.000E-04  0.000E+00
  0.000E+00  2.000E-03  0.000E+00
  0.000E+00  6.000E-04  0.000E+00
  0.000E+00  5.000E-06  0.000E+00
  0.000E+00  6.000E-05  0.000E+00
  0.000E+00  2.000E-05  0.000E+00
  0.000E+00  1.900E-05  0.000E+00
  0.000E+00  2.040E-04  0.000E+00
  0.000E+00  1.750E-05  0.000E+00
  0.000E+00  1.900E-05  0.000E+00
  0.000E+00  4.000E-04  0.000E+00
 CLOUD COVER RATE OF SUBLAYER
  0.000E+00
 GAS CONCENTRATIONS PPMV
  4.532E-01  2.359E+02  5.619E-01  3.610E-04  1.332E+01  1.251E-01  1.708E+05
    97.0  5.288E-07  190.38 : Z P T
 PARTICLE PARAMETERS
  0.000E+00  8.000E-04  0.000E+00
  0.000E+00  2.000E-03  0.000E+00
  0.000E+00  6.000E-04  0.000E+00
  0.000E+00  5.000E-06  0.000E+00
  0.000E+00  6.000E-05  0.000E+00
  0.000E+00  2.000E-05  0.000E+00
  0.000E+00  1.900E-05  0.000E+00
  0.000E+00  2.040E-04  0.000E+00
  0.000E+00  1.750E-05  0.000E+00
  0.000E+00  1.900E-05  0.000E+00
  0.000E+00  4.000E-04  0.000E+00
 CLOUD COVER RATE OF SUBLAYER
  0.000E+00
 GAS CONCENTRATIONS PPMV
  4.832E-01  2.504E+02  6.244E-01  3.735E-04  1.198E+01  1.271E-01  1.748E+05
    96.0  6.300E-07  189.27 : Z P T
 PARTICLE PARAMETERS
  0.000E+00  8.000E-04  0.000E+00
  0.000E+00  2.000E-03  0.000E+00
  0.000E+00  6.000E-04  0.000E+00
  0.000E+00  5.000E-06  0.000E+00
  0.000E+00  6.000E-05  0.000E+00
  0.000E+00  2.000E-05  0.000E+00
  0.000E+00  1.900E-05  0.000E+00
  0.000E+00  2.040E-04  0.000E+00
  0.000E+00  1.750E-05  0.000E+00
  0.000E+00  1.900E-05  0.000E+00
  0.000E+00  4.000E-04  0.000E+00
 CLOUD COVER RATE OF SUBLAYER
  0.000E+00
 GAS CONCENTRATIONS PPMV
  5.199E-01  2.637E+02  6.770E-01  3.865E-04  1.073E+01  1.290E-01  1.783E+05
    95.0  7.502E-07  188.40 : Z P T
 PARTICLE PARAMETERS
  0.000E+00  8.000E-04  0.000E+00
  0.000E+00  2.000E-03  0.000E+00
  0.000E+00  6.000E-04  0.000E+00
  0.000E+00  5.000E-06  0.000E+00
  0.000E+00  6.000E-05  0.000E+00
  0.000E+00  2.000E-05  0.000E+00
  0.000E+00  1.900E-05  0.000E+00
  0.000E+00  2.040E-04  0.000E+00
  0.000E+00  1.750E-05  0.000E+00
  0.000E+00  1.900E-05  0.000E+00
  0.000E+00  4.000E-04  0.000E+00
 CLOUD COVER RATE OF SUBLAYER
  0.000E+00
 GAS CONCENTRATIONS PPMV
  5.641E-01  2.755E+02  7.142E-01  4.002E-04  9.596E+00  1.310E-01  1.813E+05
    94.0  8.928E-07  187.78 : Z P T
 PARTICLE PARAMETERS
  0.000E+00  8.000E-04  0.000E+00
  0.000E+00  2.000E-03  0.000E+00
  0.000E+00  6.000E-04  0.000E+00
  0.000E+00  5.000E-06  0.000E+00
  0.000E+00  6.000E-05  0.000E+00
  0.000E+00  2.000E-05  0.000E+00
  0.000E+00  1.900E-05  0.000E+00
  0.000E+00  2.040E-04  0.000E+00
  0.000E+00  1.750E-05  0.000E+00
  0.000E+00  1.900E-05  0.000E+00
  0.000E+00  4.000E-04  0.000E+00
 CLOUD COVER RATE OF SUBLAYER
  0.000E+00
 GAS CONCENTRATIONS PPMV
  6.160E-01  2.858E+02  7.344E-01  4.146E-04  8.588E+00  1.329E-01  1.838E+05
    93.0  1.064E-06  187.36 : Z P T
 PARTICLE PARAMETERS
  0.000E+00  8.000E-04  0.000E+00
  0.000E+00  2.000E-03  0.000E+00
  0.000E+00  6.000E-04  0.000E+00
  0.000E+00  5.000E-06  0.000E+00
  0.000E+00  6.000E-05  0.000E+00
  0.000E+00  2.000E-05  0.000E+00
  0.000E+00  1.900E-05  0.000E+00
  0.000E+00  2.040E-04  0.000E+00
  0.000E+00  1.750E-05  0.000E+00
  0.000E+00  1.900E-05  0.000E+00
  0.000E+00  4.000E-04  0.000E+00
 CLOUD COVER RATE OF SUBLAYER
  0.000E+00
 GAS CONCENTRATIONS PPMV
  6.752E-01  2.946E+02  7.391E-01  4.297E-04  7.693E+00  1.348E-01  1.858E+05
    92.0  1.270E-06  187.11 : Z P T
 PARTICLE PARAMETERS
  0.000E+00  8.000E-04  0.000E+00
  0.000E+00  2.000E-03  0.000E+00
  0.000E+00  6.000E-04  0.000E+00
  0.000E+00  5.000E-06  0.000E+00
  0.000E+00  6.000E-05  0.000E+00
  0.000E+00  2.000E-05  0.000E+00
  0.000E+00  1.900E-05  0.000E+00
  0.000E+00  2.040E-04  0.000E+00
  0.000E+00  1.750E-05  0.000E+00
  0.000E+00  1.900E-05  0.000E+00
  0.000E+00  4.000E-04  0.000E+00
 CLOUD COVER RATE OF SUBLAYER
  0.000E+00
 GAS CONCENTRATIONS PPMV
  7.410E-01  3.018E+02  7.308E-01  4.455E-04  6.896E+00  1.368E-01  1.875E+05
    91.0  1.519E-06  186.97 : Z P T
 PARTICLE PARAMETERS
  0.000E+00  8.000E-04  0.000E+00
  0.000E+00  2.000E-03  0.000E+00
  0.000E+00  6.000E-04  0.000E+00
  0.000E+00  5.000E-06  0.000E+00
  0.000E+00  6.000E-05  0.000E+00
  0.000E+00  2.000E-05  0.000E+00
  0.000E+00  1.900E-05  0.000E+00
  0.000E+00  2.040E-04  0.000E+00
  0.000E+00  1.750E-05  0.000E+00
  0.000E+00  1.900E-05  0.000E+00
  0.000E+00  4.000E-04  0.000E+00
 CLOUD COVER RATE OF SUBLAYER
  0.000E+00
 GAS CONCENTRATIONS PPMV
  8.127E-01  3.075E+02  7.118E-01  4.622E-04  6.181E+00  1.389E-01  1.892E+05
    90.0  1.816E-06  186.90 : Z P T
 PARTICLE PARAMETERS
  0.000E+00  8.000E-04  0.000E+00
  0.000E+00  2.000E-03  0.000E+00
  0.000E+00  6.000E-04  0.000E+00
  0.000E+00  5.000E-06  0.000E+00
  0.000E+00  6.000E-05  0.000E+00
  0.000E+00  2.000E-05  0.000E+00
  0.000E+00  1.900E-05  0.000E+00
  0.000E+00  2.040E-04  0.000E+00
  0.000E+00  1.750E-05  0.000E+00
  0.000E+00  1.900E-05  0.000E+00
  0.000E+00  4.000E-04  0.000E+00
 CLOUD COVER RATE OF SUBLAYER
  0.000E+00
 GAS CONCENTRATIONS PPMV
  8.900E-01  3.118E+02  6.845E-01  4.798E-04  5.536E+00  1.412E-01  1.909E+05
    89.0  2.171E-06  186.88 : Z P T
 PARTICLE PARAMETERS
  0.000E+00  8.000E-04  0.000E+00
  0.000E+00  2.000E-03  0.000E+00
  0.000E+00  6.000E-04  0.000E+00
  0.000E+00  5.000E-06  0.000E+00
  0.000E+00  6.000E-05  0.000E+00
  0.000E+00  2.000E-05  0.000E+00
  0.000E+00  1.900E-05  0.000E+00
  0.000E+00  2.040E-04  0.000E+00
  0.000E+00  1.750E-05  0.000E+00
  0.000E+00  1.900E-05  0.000E+00
  0.000E+00  4.000E-04  0.000E+00
 CLOUD COVER RATE OF SUBLAYER
  0.000E+00
 GAS CONCENTRATIONS PPMV
  9.731E-01  3.147E+02  6.507E-01  4.984E-04  4.948E+00  1.435E-01  1.927E+05
    88.0  2.595E-06  186.97 : Z P T
 PARTICLE PARAMETERS
  0.000E+00  8.000E-04  0.000E+00
  0.000E+00  2.000E-03  0.000E+00
  0.000E+00  6.000E-04  0.000E+00
  0.000E+00  5.000E-06  0.000E+00
  0.000E+00  6.000E-05  0.000E+00
  0.000E+00  2.000E-05  0.000E+00
  0.000E+00  1.900E-05  0.000E+00
  0.000E+00  2.040E-04  0.000E+00
  0.000E+00  1.750E-05  0.000E+00
  0.000E+00  1.900E-05  0.000E+00
  0.000E+00  4.000E-04  0.000E+00
 CLOUD COVER RATE OF SUBLAYER
  0.000E+00
 GAS CONCENTRATIONS PPMV
  1.064E+00  3.167E+02  6.116E-01  5.179E-04  4.411E+00  1.458E-01  1.947E+05
    87.0  3.100E-06  187.28 : Z P T
 PARTICLE PARAMETERS
  0.000E+00  8.000E-04  0.000E+00
  0.000E+00  2.000E-03  0.000E+00
  0.000E+00  6.000E-04  0.000E+00
  0.000E+00  5.000E-06  0.000E+00
  0.000E+00  6.000E-05  0.000E+00
  0.000E+00  2.000E-05  0.000E+00
  0.000E+00  1.900E-05  0.000E+00
  0.000E+00  2.040E-04  0.000E+00
  0.000E+00  1.750E-05  0.000E+00
  0.000E+00  1.900E-05  0.000E+00
  0.000E+00  4.000E-04  0.000E+00
 CLOUD COVER RATE OF SUBLAYER
  0.000E+00
 GAS CONCENTRATIONS PPMV
  1.163E+00  3.181E+02  5.687E-01  5.386E-04  3.917E+00  1.478E-01  1.968E+05
    86.0  3.698E-06  187.89 : Z P T
 PARTICLE PARAMETERS
  0.000E+00  8.000E-04  0.000E+00
  0.000E+00  2.000E-03  0.000E+00
  0.000E+00  6.000E-04  0.000E+00
  0.000E+00  5.000E-06  0.000E+00
  0.000E+00  6.000E-05  0.000E+00
  0.000E+00  2.000E-05  0.000E+00
  0.000E+00  1.900E-05  0.000E+00
  0.000E+00  2.040E-04  0.000E+00
  0.000E+00  1.750E-05  0.000E+00
  0.000E+00  1.900E-05  0.000E+00
  0.000E+00  4.000E-04  0.000E+00
 CLOUD COVER RATE OF SUBLAYER
  0.000E+00
 GAS CONCENTRATIONS PPMV
  1.272E+00  3.194E+02  5.232E-01  5.604E-04  3.459E+00  1.493E-01  1.989E+05
    85.0  4.403E-06  188.90 : Z P T
 PARTICLE PARAMETERS
  0.000E+00  8.000E-04  0.000E+00
  0.000E+00  2.000E-03  0.000E+00
  0.000E+00  6.000E-04  0.000E+00
  0.000E+00  5.000E-06  0.000E+00
  0.000E+00  6.000E-05  0.000E+00
  0.000E+00  2.000E-05  0.000E+00
  0.000E+00  1.900E-05  0.000E+00
  0.000E+00  2.040E-04  0.000E+00
  0.000E+00  1.750E-05  0.000E+00
  0.000E+00  1.900E-05  0.000E+00
  0.000E+00  4.000E-04  0.000E+00
 CLOUD COVER RATE OF SUBLAYER
  0.000E+00
 GAS CONCENTRATIONS PPMV
  1.394E+00  3.208E+02  4.765E-01  5.834E-04  3.032E+00  1.503E-01  2.011E+05
    84.0  5.230E-06  190.36 : Z P T
 PARTICLE PARAMETERS
  0.000E+00  8.000E-04  0.000E+00
  0.000E+00  2.000E-03  0.000E+00
  0.000E+00  6.000E-04  0.000E+00
  0.000E+00  5.000E-06  0.000E+00
  0.000E+00  6.000E-05  0.000E+00
  0.000E+00  2.000E-05  0.000E+00
  0.000E+00  1.900E-05  0.000E+00
  0.000E+00  2.040E-04  0.000E+00
  0.000E+00  1.750E-05  0.000E+00
  0.000E+00  1.900E-05  0.000E+00
  0.000E+00  4.000E-04  0.000E+00
 CLOUD COVER RATE OF SUBLAYER
  0.000E+00
 GAS CONCENTRATIONS PPMV
  1.526E+00  3.224E+02  4.302E-01  6.078E-04  2.634E+00  1.508E-01  2.033E+05
    83.0  6.207E-06  192.19 : Z P T
 PARTICLE PARAMETERS
  0.000E+00  8.000E-04  0.000E+00
  0.000E+00  2.000E-03  0.000E+00
  0.000E+00  6.000E-04  0.000E+00
  0.000E+00  5.000E-06  0.000E+00
  0.000E+00  6.000E-05  0.000E+00
  0.000E+00  2.000E-05  0.000E+00
  0.000E+00  1.900E-05  0.000E+00
  0.000E+00  2.040E-04  0.000E+00
  0.000E+00  1.750E-05  0.000E+00
  0.000E+00  1.900E-05  0.000E+00
  0.000E+00  4.000E-04  0.000E+00
 CLOUD COVER RATE OF SUBLAYER
  0.000E+00
 GAS CONCENTRATIONS PPMV
  1.668E+00  3.241E+02  3.863E-01  6.337E-04  2.266E+00  1.508E-01  2.053E+05
    82.0  7.368E-06  194.25 : Z P T
 PARTICLE PARAMETERS
  0.000E+00  8.000E-04  0.000E+00
  0.000E+00  2.000E-03  0.000E+00
  0.000E+00  6.000E-04  0.000E+00
  0.000E+00  5.000E-06  0.000E+00
  0.000E+00  6.000E-05  0.000E+00
  0.000E+00  2.000E-05  0.000E+00
  0.000E+00  1.900E-05  0.000E+00
  0.000E+00  2.040E-04  0.000E+00
  0.000E+00  1.750E-05  0.000E+00
  0.000E+00  1.900E-05  0.000E+00
  0.000E+00  4.000E-04  0.000E+00
 CLOUD COVER RATE OF SUBLAYER
  0.000E+00
 GAS CONCENTRATIONS PPMV
  1.817E+00  3.258E+02  3.470E-01  6.612E-04  1.933E+00  1.505E-01  2.071E+05
    81.0  8.743E-06  196.43 : Z P T
 PARTICLE PARAMETERS
  0.000E+00  8.000E-04  0.000E+00
  0.000E+00  2.000E-03  0.000E+00
  0.000E+00  6.000E-04  0.000E+00
  0.000E+00  5.000E-06  0.000E+00
  0.000E+00  6.000E-05  0.000E+00
  0.000E+00  2.000E-05  0.000E+00
  0.000E+00  1.900E-05  0.000E+00
  0.000E+00  2.040E-04  0.000E+00
  0.000E+00  1.750E-05  0.000E+00
  0.000E+00  1.900E-05  0.000E+00
  0.000E+00  4.000E-04  0.000E+00
 CLOUD COVER RATE OF SUBLAYER
  0.000E+00
 GAS CONCENTRATIONS PPMV
  1.972E+00  3.273E+02  3.144E-01  6.905E-04  1.636E+00  1.502E-01  2.084E+05
    80.0  1.037E-05  198.60 : Z P T
 PARTICLE PARAMETERS
  0.000E+00  8.000E-04  0.000E+00
  0.000E+00  2.000E-03  0.000E+00
  0.000E+00  6.000E-04  0.000E+00
  0.000E+00  5.000E-06  0.000E+00
  0.000E+00  6.000E-05  0.000E+00
  0.000E+00  2.000E-05  0.000E+00
  0.000E+00  1.900E-05  0.000E+00
  0.000E+00  2.040E-04  0.000E+00
  0.000E+00  1.750E-05  0.000E+00
  0.000E+00  1.900E-05  0.000E+00
  0.000E+00  4.000E-04  0.000E+00
 CLOUD COVER RATE OF SUBLAYER
  0.000E+00
 GAS CONCENTRATIONS PPMV
  2.129E+00  3.285E+02  2.901E-01  7.217E-04  1.378E+00  1.499E-01  2.093E+05
    79.0  1.227E-05  200.66 : Z P T
 PARTICLE PARAMETERS
  0.000E+00  8.000E-04  0.000E+00
  0.000E+00  2.000E-03  0.000E+00
  0.000E+00  6.000E-04  0.000E+00
  0.000E+00  5.000E-06  0.000E+00
  0.000E+00  6.000E-05  0.000E+00
  0.000E+00  2.000E-05  0.000E+00
  0.000E+00  1.900E-05  0.000E+00
  0.000E+00  2.040E-04  0.000E+00
  0.000E+00  1.750E-05  0.000E+00
  0.000E+00  1.900E-05  0.000E+00
  0.000E+00  4.000E-04  0.000E+00
 CLOUD COVER RATE OF SUBLAYER
  0.000E+00
 GAS CONCENTRATIONS PPMV
  2.288E+00  3.292E+02  2.740E-01  7.550E-04  1.160E+00  1.498E-01  2.097E+05
    78.0  1.450E-05  202.62 : Z P T
 PARTICLE PARAMETERS
  0.000E+00  8.000E-04  0.000E+00
  0.000E+00  2.000E-03  0.000E+00
  0.000E+00  6.000E-04  0.000E+00
  0.000E+00  5.000E-06  0.000E+00
  0.000E+00  6.000E-05  0.000E+00
  0.000E+00  2.000E-05  0.000E+00
  0.000E+00  1.900E-05  0.000E+00
  0.000E+00  2.040E-04  0.000E+00
  0.000E+00  1.750E-05  0.000E+00
  0.000E+00  1.900E-05  0.000E+00
  0.000E+00  4.000E-04  0.000E+00
 CLOUD COVER RATE OF SUBLAYER
  0.000E+00
 GAS CONCENTRATIONS PPMV
  2.446E+00  3.297E+02  2.640E-01  7.904E-04  9.759E-01  1.498E-01  2.096E+05
    77.0  1.712E-05  204.54 : Z P T
 PARTICLE PARAMETERS
  0.000E+00  8.000E-04  0.000E+00
  0.000E+00  2.000E-03  0.000E+00
  0.000E+00  6.000E-04  0.000E+00
  0.000E+00  5.000E-06  0.000E+00
  0.000E+00  6.000E-05  0.000E+00
  0.000E+00  2.000E-05  0.000E+00
  0.000E+00  1.900E-05  0.000E+00
  0.000E+00  2.040E-04  0.000E+00
  0.000E+00  1.750E-05  0.000E+00
  0.000E+00  1.900E-05  0.000E+00
  0.000E+00  4.000E-04  0.000E+00
 CLOUD COVER RATE OF SUBLAYER
  0.000E+00
 GAS CONCENTRATIONS PPMV
  2.601E+00  3.299E+02  2.577E-01  8.281E-04  8.226E-01  1.499E-01  2.094E+05
    76.0  2.016E-05  206.45 : Z P T
 PARTICLE PARAMETERS
  0.000E+00  8.000E-04  0.000E+00
  0.000E+00  2.000E-03  0.000E+00
  0.000E+00  6.000E-04  0.000E+00
  0.000E+00  5.000E-06  0.000E+00
  0.000E+00  6.000E-05  0.000E+00
  0.000E+00  2.000E-05  0.000E+00
  0.000E+00  1.900E-05  0.000E+00
  0.000E+00  2.040E-04  0.000E+00
  0.000E+00  1.750E-05  0.000E+00
  0.000E+00  1.900E-05  0.000E+00
  0.000E+00  4.000E-04  0.000E+00
 CLOUD COVER RATE OF SUBLAYER
  0.000E+00
 GAS CONCENTRATIONS PPMV
  2.751E+00  3.300E+02  2.526E-01  8.683E-04  6.952E-01  1.500E-01  2.091E+05
    75.0  2.369E-05  208.40 : Z P T
 PARTICLE PARAMETERS
  0.000E+00  8.000E-04  0.000E+00
  0.000E+00  2.000E-03  0.000E+00
  0.000E+00  6.000E-04  0.000E+00
  0.000E+00  5.000E-06  0.000E+00
  0.000E+00  6.000E-05  0.000E+00
  0.000E+00  2.000E-05  0.000E+00
  0.000E+00  1.900E-05  0.000E+00
  0.000E+00  2.040E-04  0.000E+00
  0.000E+00  1.750E-05  0.000E+00
  0.000E+00  1.900E-05  0.000E+00
  0.000E+00  4.000E-04  0.000E+00
 CLOUD COVER RATE OF SUBLAYER
  0.000E+00
 GAS CONCENTRATIONS PPMV
  2.895E+00  3.300E+02  2.469E-01  9.111E-04  5.896E-01  1.500E-01  2.089E+05
    74.0  2.776E-05  210.43 : Z P T
 PARTICLE PARAMETERS
  0.000E+00  8.000E-04  0.000E+00
  0.000E+00  2.000E-03  0.000E+00
  0.000E+00  6.000E-04  0.000E+00
  0.000E+00  5.000E-06  0.000E+00
  0.000E+00  6.000E-05  0.000E+00
  0.000E+00  2.000E-05  0.000E+00
  0.000E+00  1.900E-05  0.000E+00
  0.000E+00  2.040E-04  0.000E+00
  0.000E+00  1.750E-05  0.000E+00
  0.000E+00  1.900E-05  0.000E+00
  0.000E+00  4.000E-04  0.000E+00
 CLOUD COVER RATE OF SUBLAYER
  0.000E+00
 GAS CONCENTRATIONS PPMV
  3.032E+00  3.300E+02  2.420E-01  9.568E-04  5.023E-01  1.500E-01  2.088E+05
    73.0  3.247E-05  212.55 : Z P T
 PARTICLE PARAMETERS
  0.000E+00  8.000E-04  0.000E+00
  0.000E+00  2.000E-03  0.000E+00
  0.000E+00  6.000E-04  0.000E+00
  0.000E+00  5.000E-06  0.000E+00
  0.000E+00  6.000E-05  0.000E+00
  0.000E+00  2.000E-05  0.000E+00
  0.000E+00  1.900E-05  0.000E+00
  0.000E+00  2.040E-04  0.000E+00
  0.000E+00  1.750E-05  0.000E+00
  0.000E+00  1.900E-05  0.000E+00
  0.000E+00  4.000E-04  0.000E+00
 CLOUD COVER RATE OF SUBLAYER
  0.000E+00
 GAS CONCENTRATIONS PPMV
  3.166E+00  3.300E+02  2.426E-01  1.006E-03  4.309E-01  1.500E-01  2.088E+05
    72.0  3.793E-05  214.78 : Z P T
 PARTICLE PARAMETERS
  0.000E+00  8.000E-04  0.000E+00
  0.000E+00  2.000E-03  0.000E+00
  0.000E+00  6.000E-04  0.000E+00
  0.000E+00  5.000E-06  0.000E+00
  0.000E+00  6.000E-05  0.000E+00
  0.000E+00  2.000E-05  0.000E+00
  0.000E+00  1.900E-05  0.000E+00
  0.000E+00  2.040E-04  0.000E+00
  0.000E+00  1.750E-05  0.000E+00
  0.000E+00  1.900E-05  0.000E+00
  0.000E+00  4.000E-04  0.000E+00
 CLOUD COVER RATE OF SUBLAYER
  0.000E+00
 GAS CONCENTRATIONS PPMV
  3.298E+00  3.300E+02  2.540E-01  1.060E-03  3.731E-01  1.500E-01  2.089E+05
    71.0  4.425E-05  217.12 : Z P T
 PARTICLE PARAMETERS
  0.000E+00  8.000E-04  0.000E+00
  0.000E+00  2.000E-03  0.000E+00
  0.000E+00  6.000E-04  0.000E+00
  0.000E+00  5.000E-06  0.000E+00
  0.000E+00  6.000E-05  0.000E+00
  0.000E+00  2.000E-05  0.000E+00
  0.000E+00  1.900E-05  0.000E+00
  0.000E+00  2.040E-04  0.000E+00
  0.000E+00  1.750E-05  0.000E+00
  0.000E+00  1.900E-05  0.000E+00
  0.000E+00  4.000E-04  0.000E+00
 CLOUD COVER RATE OF SUBLAYER
  0.000E+00
 GAS CONCENTRATIONS PPMV
  3.432E+00  3.300E+02  2.816E-01  1.118E-03  3.266E-01  1.500E-01  2.090E+05
    70.0  5.153E-05  219.60 : Z P T
 PARTICLE PARAMETERS
  0.000E+00  8.000E-04  0.000E+00
  0.000E+00  2.000E-03  0.000E+00
  0.000E+00  6.000E-04  0.000E+00
  0.000E+00  5.000E-06  0.000E+00
  0.000E+00  6.000E-05  0.000E+00
  0.000E+00  2.000E-05  0.000E+00
  0.000E+00  1.900E-05  0.000E+00
  0.000E+00  2.040E-04  0.000E+00
  0.000E+00  1.750E-05  0.000E+00
  0.000E+00  1.900E-05  0.000E+00
  0.000E+00  4.000E-04  0.000E+00
 CLOUD COVER RATE OF SUBLAYER
  0.000E+00
 GAS CONCENTRATIONS PPMV
  3.570E+00  3.300E+02  3.295E-01  1.182E-03  2.892E-01  1.501E-01  2.090E+05
    69.0  5.990E-05  222.21 : Z P T
 PARTICLE PARAMETERS
  0.000E+00  8.000E-04  0.000E+00
  0.000E+00  2.000E-03  0.000E+00
  0.000E+00  6.000E-04  0.000E+00
  0.000E+00  5.000E-06  0.000E+00
  0.000E+00  6.000E-05  0.000E+00
  0.000E+00  2.000E-05  0.000E+00
  0.000E+00  1.900E-05  0.000E+00
  0.000E+00  2.040E-04  0.000E+00
  0.000E+00  1.750E-05  0.000E+00
  0.000E+00  1.900E-05  0.000E+00
  0.000E+00  4.000E-04  0.000E+00
 CLOUD COVER RATE OF SUBLAYER
  0.000E+00
 GAS CONCENTRATIONS PPMV
  3.712E+00  3.300E+02  3.970E-01  1.251E-03  2.590E-01  1.502E-01  2.090E+05
    68.0  6.951E-05  224.92 : Z P T
 PARTICLE PARAMETERS
  0.000E+00  8.000E-04  0.000E+00
  0.000E+00  2.000E-03  0.000E+00
  0.000E+00  6.000E-04  0.000E+00
  0.000E+00  5.000E-06  0.000E+00
  0.000E+00  6.000E-05  0.000E+00
  0.000E+00  2.000E-05  0.000E+00
  0.000E+00  1.900E-05  0.000E+00
  0.000E+00  2.040E-04  0.000E+00
  0.000E+00  1.750E-05  0.000E+00
  0.000E+00  1.900E-05  0.000E+00
  0.000E+00  4.000E-04  0.000E+00
 CLOUD COVER RATE OF SUBLAYER
  0.000E+00
 GAS CONCENTRATIONS PPMV
  3.855E+00  3.300E+02  4.785E-01  1.323E-03  2.343E-01  1.503E-01  2.090E+05
    67.0  8.055E-05  227.70 : Z P T
 PARTICLE PARAMETERS
  0.000E+00  8.000E-04  0.000E+00
  0.000E+00  2.000E-03  0.000E+00
  0.000E+00  6.000E-04  0.000E+00
  0.000E+00  5.000E-06  0.000E+00
  0.000E+00  6.000E-05  0.000E+00
  0.000E+00  2.000E-05  0.000E+00
  0.000E+00  1.900E-05  0.000E+00
  0.000E+00  2.040E-04  0.000E+00
  0.000E+00  1.750E-05  0.000E+00
  0.000E+00  1.900E-05  0.000E+00
  0.000E+00  4.000E-04  0.000E+00
 CLOUD COVER RATE OF SUBLAYER
  0.000E+00
 GAS CONCENTRATIONS PPMV
  3.996E+00  3.300E+02  5.672E-01  1.397E-03  2.135E-01  1.503E-01  2.090E+05
    66.0  9.319E-05  230.50 : Z P T
 PARTICLE PARAMETERS
  0.000E+00  8.000E-04  0.000E+00
  0.000E+00  2.000E-03  0.000E+00
  0.000E+00  6.000E-04  0.000E+00
  0.000E+00  5.000E-06  0.000E+00
  0.000E+00  6.000E-05  0.000E+00
  0.000E+00  2.000E-05  0.000E+00
  0.000E+00  1.900E-05  0.000E+00
  0.000E+00  2.040E-04  0.000E+00
  0.000E+00  1.750E-05  0.000E+00
  0.000E+00  1.900E-05  0.000E+00
  0.000E+00  4.000E-04  0.000E+00
 CLOUD COVER RATE OF SUBLAYER
  0.000E+00
 GAS CONCENTRATIONS PPMV
  4.133E+00  3.300E+02  6.562E-01  1.471E-03  1.950E-01  1.501E-01  2.090E+05
    65.0  1.076E-04  233.30 : Z P T
 PARTICLE PARAMETERS
  0.000E+00  8.000E-04  0.000E+00
  0.000E+00  2.000E-03  0.000E+00
  0.000E+00  6.000E-04  0.000E+00
  0.000E+00  5.000E-06  0.000E+00
  0.000E+00  6.000E-05  0.000E+00
  0.000E+00  2.000E-05  0.000E+00
  0.000E+00  1.900E-05  0.000E+00
  0.000E+00  2.040E-04  0.000E+00
  0.000E+00  1.750E-05  0.000E+00
  0.000E+00  1.900E-05  0.000E+00
  0.000E+00  4.000E-04  0.000E+00
 CLOUD COVER RATE OF SUBLAYER
  0.000E+00
 GAS CONCENTRATIONS PPMV
  4.263E+00  3.300E+02  7.399E-01  1.543E-03  1.775E-01  1.498E-01  2.090E+05
    64.0  1.240E-04  236.06 : Z P T
 PARTICLE PARAMETERS
  0.000E+00  8.000E-04  0.000E+00
  0.000E+00  2.000E-03  0.000E+00
  0.000E+00  6.000E-04  0.000E+00
  0.000E+00  5.000E-06  0.000E+00
  0.000E+00  6.000E-05  0.000E+00
  0.000E+00  2.000E-05  0.000E+00
  0.000E+00  1.900E-05  0.000E+00
  0.000E+00  2.040E-04  0.000E+00
  0.000E+00  1.750E-05  0.000E+00
  0.000E+00  1.900E-05  0.000E+00
  0.000E+00  4.000E-04  0.000E+00
 CLOUD COVER RATE OF SUBLAYER
  0.000E+00
 GAS CONCENTRATIONS PPMV
  4.385E+00  3.300E+02  8.172E-01  1.619E-03  1.603E-01  1.493E-01  2.090E+05
    63.0  1.427E-04  238.79 : Z P T
 PARTICLE PARAMETERS
  0.000E+00  8.000E-04  0.000E+00
  0.000E+00  2.000E-03  0.000E+00
  0.000E+00  6.000E-04  0.000E+00
  0.000E+00  5.000E-06  0.000E+00
  0.000E+00  6.000E-05  0.000E+00
  0.000E+00  2.000E-05  0.000E+00
  0.000E+00  1.900E-05  0.000E+00
  0.000E+00  2.040E-04  0.000E+00
  0.000E+00  1.750E-05  0.000E+00
  0.000E+00  1.900E-05  0.000E+00
  0.000E+00  4.000E-04  0.000E+00
 CLOUD COVER RATE OF SUBLAYER
  0.000E+00
 GAS CONCENTRATIONS PPMV
  4.498E+00  3.300E+02  8.922E-01  1.710E-03  1.437E-01  1.489E-01  2.090E+05
    62.0  1.641E-04  241.51 : Z P T
 PARTICLE PARAMETERS
  0.000E+00  8.000E-04  0.000E+00
  0.000E+00  2.000E-03  0.000E+00
  0.000E+00  6.000E-04  0.000E+00
  0.000E+00  5.000E-06  0.000E+00
  0.000E+00  6.000E-05  0.000E+00
  0.000E+00  2.000E-05  0.000E+00
  0.000E+00  1.900E-05  0.000E+00
  0.000E+00  2.040E-04  0.000E+00
  0.000E+00  1.750E-05  0.000E+00
  0.000E+00  1.900E-05  0.000E+00
  0.000E+00  4.000E-04  0.000E+00
 CLOUD COVER RATE OF SUBLAYER
  0.000E+00
 GAS CONCENTRATIONS PPMV
  4.604E+00  3.300E+02  9.698E-01  1.826E-03  1.281E-01  1.489E-01  2.090E+05
    61.0  1.884E-04  244.24 : Z P T
 PARTICLE PARAMETERS
  0.000E+00  8.000E-04  0.000E+00
  0.000E+00  2.000E-03  0.000E+00
  0.000E+00  6.000E-04  0.000E+00
  0.000E+00  5.000E-06  0.000E+00
  0.000E+00  6.000E-05  0.000E+00
  0.000E+00  2.000E-05  0.000E+00
  0.000E+00  1.900E-05  0.000E+00
  0.000E+00  2.040E-04  0.000E+00
  0.000E+00  1.750E-05  0.000E+00
  0.000E+00  1.900E-05  0.000E+00
  0.000E+00  4.000E-04  0.000E+00
 CLOUD COVER RATE OF SUBLAYER
  0.000E+00
 GAS CONCENTRATIONS PPMV
  4.703E+00  3.300E+02  1.055E+00  1.978E-03  1.139E-01  1.495E-01  2.090E+05
    60.0  2.162E-04  247.00 : Z P T
 PARTICLE PARAMETERS
  0.000E+00  8.000E-04  0.000E+00
  0.000E+00  2.000E-03  0.000E+00
  0.000E+00  6.000E-04  0.000E+00
  0.000E+00  5.000E-06  0.000E+00
  0.000E+00  6.000E-05  0.000E+00
  0.000E+00  2.000E-05  0.000E+00
  0.000E+00  1.900E-05  0.000E+00
  0.000E+00  2.040E-04  0.000E+00
  0.000E+00  1.750E-05  0.000E+00
  0.000E+00  1.900E-05  0.000E+00
  0.000E+00  4.000E-04  0.000E+00
 CLOUD COVER RATE OF SUBLAYER
  0.000E+00
 GAS CONCENTRATIONS PPMV
  4.794E+00  3.300E+02  1.152E+00  2.175E-03  1.016E-01  1.510E-01  2.090E+05
    59.0  2.477E-04  249.80 : Z P T
 PARTICLE PARAMETERS
  0.000E+00  8.000E-04  0.000E+00
  0.000E+00  2.000E-03  0.000E+00
  0.000E+00  6.000E-04  0.000E+00
  0.000E+00  5.000E-06  0.000E+00
  0.000E+00  6.000E-05  0.000E+00
  0.000E+00  2.000E-05  0.000E+00
  0.000E+00  1.900E-05  0.000E+00
  0.000E+00  2.040E-04  0.000E+00
  0.000E+00  1.750E-05  0.000E+00
  0.000E+00  1.900E-05  0.000E+00
  0.000E+00  4.000E-04  0.000E+00
 CLOUD COVER RATE OF SUBLAYER
  0.000E+00
 GAS CONCENTRATIONS PPMV
  4.878E+00  3.300E+02  1.265E+00  2.404E-03  9.125E-02  1.533E-01  2.090E+05
    58.0  2.833E-04  252.60 : Z P T
 PARTICLE PARAMETERS
  0.000E+00  8.000E-04  0.000E+00
  0.000E+00  2.000E-03  0.000E+00
  0.000E+00  6.000E-04  0.000E+00
  0.000E+00  5.000E-06  0.000E+00
  0.000E+00  6.000E-05  0.000E+00
  0.000E+00  2.000E-05  0.000E+00
  0.000E+00  1.900E-05  0.000E+00
  0.000E+00  2.040E-04  0.000E+00
  0.000E+00  1.750E-05  0.000E+00
  0.000E+00  1.900E-05  0.000E+00
  0.000E+00  4.000E-04  0.000E+00
 CLOUD COVER RATE OF SUBLAYER
  0.000E+00
 GAS CONCENTRATIONS PPMV
  4.953E+00  3.300E+02  1.395E+00  2.634E-03  8.256E-02  1.562E-01  2.090E+05
    57.0  3.235E-04  255.40 : Z P T
 PARTICLE PARAMETERS
  0.000E+00  8.000E-04  0.000E+00
  0.000E+00  2.000E-03  0.000E+00
  0.000E+00  6.000E-04  0.000E+00
  0.000E+00  5.000E-06  0.000E+00
  0.000E+00  6.000E-05  0.000E+00
  0.000E+00  2.000E-05  0.000E+00
  0.000E+00  1.900E-05  0.000E+00
  0.000E+00  2.040E-04  0.000E+00
  0.000E+00  1.750E-05  0.000E+00
  0.000E+00  1.900E-05  0.000E+00
  0.000E+00  4.000E-04  0.000E+00
 CLOUD COVER RATE OF SUBLAYER
  0.000E+00
 GAS CONCENTRATIONS PPMV
  5.019E+00  3.300E+02  1.543E+00  2.831E-03  7.529E-02  1.596E-01  2.090E+05
    56.0  3.688E-04  258.14 : Z P T
 PARTICLE PARAMETERS
  0.000E+00  8.000E-04  0.000E+00
  0.000E+00  2.000E-03  0.000E+00
  0.000E+00  6.000E-04  0.000E+00
  0.000E+00  5.000E-06  0.000E+00
  0.000E+00  6.000E-05  0.000E+00
  0.000E+00  2.000E-05  0.000E+00
  0.000E+00  1.900E-05  0.000E+00
  0.000E+00  2.040E-04  0.000E+00
  0.000E+00  1.750E-05  0.000E+00
  0.000E+00  1.900E-05  0.000E+00
  0.000E+00  4.000E-04  0.000E+00
 CLOUD COVER RATE OF SUBLAYER
  0.000E+00
 GAS CONCENTRATIONS PPMV
  5.075E+00  3.300E+02  1.711E+00  2.958E-03  6.919E-02  1.632E-01  2.090E+05
    55.0  4.195E-04  260.80 : Z P T
 PARTICLE PARAMETERS
  0.000E+00  8.000E-04  0.000E+00
  0.000E+00  2.000E-03  0.000E+00
  0.000E+00  6.000E-04  0.000E+00
  0.000E+00  5.000E-06  0.000E+00
  0.000E+00  6.000E-05  0.000E+00
  0.000E+00  2.000E-05  0.000E+00
  0.000E+00  1.900E-05  0.000E+00
  0.000E+00  2.040E-04  0.000E+00
  0.000E+00  1.750E-05  0.000E+00
  0.000E+00  1.900E-05  0.000E+00
  0.000E+00  4.000E-04  0.000E+00
 CLOUD COVER RATE OF SUBLAYER
  0.000E+00
 GAS CONCENTRATIONS PPMV
  5.120E+00  3.300E+02  1.900E+00  2.997E-03  6.398E-02  1.669E-01  2.090E+05
    54.0  4.763E-04  263.34 : Z P T
 PARTICLE PARAMETERS
  0.000E+00  8.000E-04  0.000E+00
  0.000E+00  2.000E-03  0.000E+00
  0.000E+00  6.000E-04  0.000E+00
  0.000E+00  5.000E-06  0.000E+00
  0.000E+00  6.000E-05  0.000E+00
  0.000E+00  2.000E-05  0.000E+00
  0.000E+00  1.900E-05  0.000E+00
  0.000E+00  2.040E-04  0.000E+00
  0.000E+00  1.750E-05  0.000E+00
  0.000E+00  1.900E-05  0.000E+00
  0.000E+00  4.000E-04  0.000E+00
 CLOUD COVER RATE OF SUBLAYER
  0.000E+00
 GAS CONCENTRATIONS PPMV
  5.154E+00  3.300E+02  2.114E+00  3.004E-03  5.943E-02  1.712E-01  2.090E+05
    53.0  5.403E-04  265.68 : Z P T
 PARTICLE PARAMETERS
  0.000E+00  8.000E-04  0.000E+00
  0.000E+00  2.000E-03  0.000E+00
  0.000E+00  6.000E-04  0.000E+00
  0.000E+00  5.000E-06  0.000E+00
  0.000E+00  6.000E-05  0.000E+00
  0.000E+00  2.000E-05  0.000E+00
  0.000E+00  1.900E-05  0.000E+00
  0.000E+00  2.040E-04  0.000E+00
  0.000E+00  1.750E-05  0.000E+00
  0.000E+00  1.900E-05  0.000E+00
  0.000E+00  4.000E-04  0.000E+00
 CLOUD COVER RATE OF SUBLAYER
  0.000E+00
 GAS CONCENTRATIONS PPMV
  5.181E+00  3.300E+02  2.356E+00  3.115E-03  5.535E-02  1.775E-01  2.090E+05
    52.0  6.126E-04  267.75 : Z P T
 PARTICLE PARAMETERS
  0.000E+00  8.000E-04  0.000E+00
  0.000E+00  2.000E-03  0.000E+00
  0.000E+00  6.000E-04  0.000E+00
  0.000E+00  5.000E-06  0.000E+00
  0.000E+00  6.000E-05  0.000E+00
  0.000E+00  2.000E-05  0.000E+00
  0.000E+00  1.900E-05  0.000E+00
  0.000E+00  2.040E-04  0.000E+00
  0.000E+00  1.750E-05  0.000E+00
  0.000E+00  1.900E-05  0.000E+00
  0.000E+00  4.000E-04  0.000E+00
 CLOUD COVER RATE OF SUBLAYER
  0.000E+00
 GAS CONCENTRATIONS PPMV
  5.201E+00  3.300E+02  2.629E+00  3.480E-03  5.155E-02  1.871E-01  2.090E+05
    51.0  6.946E-04  269.45 : Z P T
 PARTICLE PARAMETERS
  0.000E+00  8.000E-04  0.000E+00
  0.000E+00  2.000E-03  0.000E+00
  0.000E+00  6.000E-04  0.000E+00
  0.000E+00  5.000E-06  0.000E+00
  0.000E+00  6.000E-05  0.000E+00
  0.000E+00  2.000E-05  0.000E+00
  0.000E+00  1.900E-05  0.000E+00
  0.000E+00  2.040E-04  0.000E+00
  0.000E+00  1.750E-05  0.000E+00
  0.000E+00  1.900E-05  0.000E+00
  0.000E+00  4.000E-04  0.000E+00
 CLOUD COVER RATE OF SUBLAYER
  0.000E+00
 GAS CONCENTRATIONS PPMV
  5.217E+00  3.300E+02  2.937E+00  4.248E-03  4.783E-02  2.014E-01  2.090E+05
    50.0  7.876E-04  270.70 : Z P T
 PARTICLE PARAMETERS
  0.000E+00  8.000E-04  0.000E+00
  0.000E+00  2.000E-03  0.000E+00
  0.000E+00  6.000E-04  0.000E+00
  0.000E+00  5.000E-06  0.000E+00
  0.000E+00  6.000E-05  0.000E+00
  0.000E+00  2.000E-05  0.000E+00
  0.000E+00  1.900E-05  0.000E+00
  0.000E+00  2.040E-04  0.000E+00
  0.000E+00  1.750E-05  0.000E+00
  0.000E+00  1.900E-05  0.000E+00
  0.000E+00  4.000E-04  0.000E+00
 CLOUD COVER RATE OF SUBLAYER
  0.000E+00
 GAS CONCENTRATIONS PPMV
  5.232E+00  3.300E+02  3.284E+00  5.539E-03  4.406E-02  2.217E-01  2.090E+05
    49.0  8.927E-04  271.38 : Z P T
 PARTICLE PARAMETERS
  0.000E+00  8.000E-04  0.000E+00
  0.000E+00  2.000E-03  0.000E+00
  0.000E+00  6.000E-04  0.000E+00
  0.000E+00  5.000E-06  0.000E+00
  0.000E+00  6.000E-05  0.000E+00
  0.000E+00  2.000E-05  0.000E+00
  0.000E+00  1.900E-05  0.000E+00
  0.000E+00  2.040E-04  0.000E+00
  0.000E+00  1.750E-05  0.000E+00
  0.000E+00  1.900E-05  0.000E+00
  0.000E+00  4.000E-04  0.000E+00
 CLOUD COVER RATE OF SUBLAYER
  0.000E+00
 GAS CONCENTRATIONS PPMV
  5.244E+00  3.300E+02  3.673E+00  7.316E-03  4.040E-02  2.476E-01  2.090E+05
    48.0  1.011E-03  271.16 : Z P T
 PARTICLE PARAMETERS
  0.000E+00  8.000E-04  0.000E+00
  0.000E+00  2.000E-03  0.000E+00
  0.000E+00  6.000E-04  0.000E+00
  0.000E+00  5.000E-06  0.000E+00
  0.000E+00  6.000E-05  0.000E+00
  0.000E+00  2.000E-05  0.000E+00
  0.000E+00  1.900E-05  0.000E+00
  0.000E+00  2.040E-04  0.000E+00
  0.000E+00  1.750E-05  0.000E+00
  0.000E+00  1.900E-05  0.000E+00
  0.000E+00  4.000E-04  0.000E+00
 CLOUD COVER RATE OF SUBLAYER
  0.000E+00
 GAS CONCENTRATIONS PPMV
  5.249E+00  3.300E+02  4.105E+00  9.393E-03  3.729E-02  2.776E-01  2.090E+05
    47.0  1.145E-03  269.70 : Z P T
 PARTICLE PARAMETERS
  0.000E+00  8.000E-04  0.000E+00
  0.000E+00  2.000E-03  0.000E+00
  0.000E+00  6.000E-04  0.000E+00
  0.000E+00  5.000E-06  0.000E+00
  0.000E+00  6.000E-05  0.000E+00
  0.000E+00  2.000E-05  0.000E+00
  0.000E+00  1.900E-05  0.000E+00
  0.000E+00  2.040E-04  0.000E+00
  0.000E+00  1.750E-05  0.000E+00
  0.000E+00  1.900E-05  0.000E+00
  0.000E+00  4.000E-04  0.000E+00
 CLOUD COVER RATE OF SUBLAYER
  0.000E+00
 GAS CONCENTRATIONS PPMV
  5.245E+00  3.300E+02  4.570E+00  1.169E-02  3.498E-02  3.102E-01  2.090E+05
    46.0  1.296E-03  267.17 : Z P T
 PARTICLE PARAMETERS
  0.000E+00  8.000E-04  0.000E+00
  0.000E+00  2.000E-03  0.000E+00
  0.000E+00  6.000E-04  0.000E+00
  0.000E+00  5.000E-06  0.000E+00
  0.000E+00  6.000E-05  0.000E+00
  0.000E+00  2.000E-05  0.000E+00
  0.000E+00  1.900E-05  0.000E+00
  0.000E+00  2.040E-04  0.000E+00
  0.000E+00  1.750E-05  0.000E+00
  0.000E+00  1.900E-05  0.000E+00
  0.000E+00  4.000E-04  0.000E+00
 CLOUD COVER RATE OF SUBLAYER
  0.000E+00
 GAS CONCENTRATIONS PPMV
  5.233E+00  3.300E+02  5.029E+00  1.441E-02  3.321E-02  3.451E-01  2.090E+05
    45.0  1.472E-03  264.20 : Z P T
 PARTICLE PARAMETERS
  0.000E+00  8.000E-04  0.000E+00
  0.000E+00  2.000E-03  0.000E+00
  0.000E+00  6.000E-04  0.000E+00
  0.000E+00  5.000E-06  0.000E+00
  0.000E+00  6.000E-05  0.000E+00
  0.000E+00  2.000E-05  0.000E+00
  0.000E+00  1.900E-05  0.000E+00
  0.000E+00  2.040E-04  0.000E+00
  0.000E+00  1.750E-05  0.000E+00
  0.000E+00  1.900E-05  0.000E+00
  0.000E+00  4.000E-04  0.000E+00
 CLOUD COVER RATE OF SUBLAYER
  0.000E+00
 GAS CONCENTRATIONS PPMV
  5.214E+00  3.300E+02  5.440E+00  1.785E-02  3.157E-02  3.822E-01  2.090E+05
    44.0  1.676E-03  261.34 : Z P T
 PARTICLE PARAMETERS
  0.000E+00  8.000E-04  0.000E+00
  0.000E+00  2.000E-03  0.000E+00
  0.000E+00  6.000E-04  0.000E+00
  0.000E+00  5.000E-06  0.000E+00
  0.000E+00  6.000E-05  0.000E+00
  0.000E+00  2.000E-05  0.000E+00
  0.000E+00  1.900E-05  0.000E+00
  0.000E+00  2.040E-04  0.000E+00
  0.000E+00  1.750E-05  0.000E+00
  0.000E+00  1.900E-05  0.000E+00
  0.000E+00  4.000E-04  0.000E+00
 CLOUD COVER RATE OF SUBLAYER
  0.000E+00
 GAS CONCENTRATIONS PPMV
  5.186E+00  3.300E+02  5.814E+00  2.223E-02  2.988E-02  4.212E-01  2.090E+05
    43.0  1.908E-03  258.63 : Z P T
 PARTICLE PARAMETERS
  0.000E+00  8.000E-04  0.000E+00
  0.000E+00  2.000E-03  0.000E+00
  0.000E+00  6.000E-04  0.000E+00
  0.000E+00  5.000E-06  0.000E+00
  0.000E+00  6.000E-05  0.000E+00
  0.000E+00  2.000E-05  0.000E+00
  0.000E+00  1.900E-05  0.000E+00
  0.000E+00  2.040E-04  0.000E+00
  0.000E+00  1.750E-05  0.000E+00
  0.000E+00  1.900E-05  0.000E+00
  0.000E+00  4.000E-04  0.000E+00
 CLOUD COVER RATE OF SUBLAYER
  0.000E+00
 GAS CONCENTRATIONS PPMV
  5.148E+00  3.300E+02  6.210E+00  2.764E-02  2.827E-02  4.615E-01  2.090E+05
    42.0  2.167E-03  255.97 : Z P T
 PARTICLE PARAMETERS
  0.000E+00  8.000E-04  0.000E+00
  0.000E+00  2.000E-03  0.000E+00
  0.000E+00  6.000E-04  0.000E+00
  0.000E+00  5.000E-06  0.000E+00
  0.000E+00  6.000E-05  0.000E+00
  0.000E+00  2.000E-05  0.000E+00
  0.000E+00  1.900E-05  0.000E+00
  0.000E+00  2.040E-04  0.000E+00
  0.000E+00  1.750E-05  0.000E+00
  0.000E+00  1.900E-05  0.000E+00
  0.000E+00  4.000E-04  0.000E+00
 CLOUD COVER RATE OF SUBLAYER
  0.000E+00
 GAS CONCENTRATIONS PPMV
  5.100E+00  3.300E+02  6.656E+00  3.407E-02  2.684E-02  5.023E-01  2.090E+05
    41.0  2.467E-03  253.26 : Z P T
 PARTICLE PARAMETERS
  0.000E+00  8.000E-04  0.000E+00
  0.000E+00  2.000E-03  0.000E+00
  0.000E+00  6.000E-04  0.000E+00
  0.000E+00  5.000E-06  0.000E+00
  0.000E+00  6.000E-05  0.000E+00
  0.000E+00  2.000E-05  0.000E+00
  0.000E+00  1.900E-05  0.000E+00
  0.000E+00  2.040E-04  0.000E+00
  0.000E+00  1.750E-05  0.000E+00
  0.000E+00  1.900E-05  0.000E+00
  0.000E+00  4.000E-04  0.000E+00
 CLOUD COVER RATE OF SUBLAYER
  0.000E+00
 GAS CONCENTRATIONS PPMV
  5.050E+00  3.300E+02  7.094E+00  4.132E-02  2.557E-02  5.433E-01  2.090E+05
    40.0  2.834E-03  250.40 : Z P T
 PARTICLE PARAMETERS
  0.000E+00  8.000E-04  0.000E+00
  0.000E+00  2.000E-03  0.000E+00
  0.000E+00  6.000E-04  0.000E+00
  0.000E+00  5.000E-06  0.000E+00
  0.000E+00  6.000E-05  0.000E+00
  0.000E+00  2.000E-05  0.000E+00
  0.000E+00  1.900E-05  0.000E+00
  0.000E+00  2.040E-04  0.000E+00
  0.000E+00  1.750E-05  0.000E+00
  0.000E+00  1.900E-05  0.000E+00
  0.000E+00  4.000E-04  0.000E+00
 CLOUD COVER RATE OF SUBLAYER
  0.000E+00
 GAS CONCENTRATIONS PPMV
  5.006E+00  3.300E+02  7.440E+00  4.921E-02  2.439E-02  5.841E-01  2.090E+05
    39.0  3.289E-03  247.36 : Z P T
 PARTICLE PARAMETERS
  0.000E+00  8.000E-04  0.000E+00
  0.000E+00  2.000E-03  0.000E+00
  0.000E+00  6.000E-04  0.000E+00
  0.000E+00  5.000E-06  0.000E+00
  0.000E+00  6.000E-05  0.000E+00
  0.000E+00  2.000E-05  0.000E+00
  0.000E+00  1.900E-05  0.000E+00
  0.000E+00  2.040E-04  0.000E+00
  0.000E+00  1.750E-05  0.000E+00
  0.000E+00  1.900E-05  0.000E+00
  0.000E+00  4.000E-04  0.000E+00
 CLOUD COVER RATE OF SUBLAYER
  0.000E+00
 GAS CONCENTRATIONS PPMV
  4.974E+00  3.300E+02  7.663E+00  5.771E-02  2.326E-02  6.238E-01  2.090E+05
    38.0  3.814E-03  244.33 : Z P T
 PARTICLE PARAMETERS
  0.000E+00  8.000E-04  0.000E+00
  0.000E+00  2.000E-03  0.000E+00
  0.000E+00  6.000E-04  0.000E+00
  0.000E+00  5.000E-06  0.000E+00
  0.000E+00  6.000E-05  0.000E+00
  0.000E+00  2.000E-05  0.000E+00
  0.000E+00  1.900E-05  0.000E+00
  0.000E+00  2.040E-04  0.000E+00
  0.000E+00  1.750E-05  0.000E+00
  0.000E+00  1.900E-05  0.000E+00
  0.000E+00  4.000E-04  0.000E+00
 CLOUD COVER RATE OF SUBLAYER
  0.000E+00
 GAS CONCENTRATIONS PPMV
  4.951E+00  3.300E+02  7.793E+00  6.706E-02  2.222E-02  6.614E-01  2.090E+05
    37.0  4.389E-03  241.56 : Z P T
 PARTICLE PARAMETERS
  0.000E+00  8.000E-04  0.000E+00
  0.000E+00  2.000E-03  0.000E+00
  0.000E+00  6.000E-04  0.000E+00
  0.000E+00  5.000E-06  0.000E+00
  0.000E+00  6.000E-05  0.000E+00
  0.000E+00  2.000E-05  0.000E+00
  0.000E+00  1.900E-05  0.000E+00
  0.000E+00  2.040E-04  0.000E+00
  0.000E+00  1.750E-05  0.000E+00
  0.000E+00  1.900E-05  0.000E+00
  0.000E+00  4.000E-04  0.000E+00
 CLOUD COVER RATE OF SUBLAYER
  0.000E+00
 GAS CONCENTRATIONS PPMV
  4.931E+00  3.300E+02  7.858E+00  7.721E-02  2.129E-02  6.963E-01  2.090E+05
    36.0  5.004E-03  239.05 : Z P T
 PARTICLE PARAMETERS
  0.000E+00  8.000E-04  0.000E+00
  0.000E+00  2.000E-03  0.000E+00
  0.000E+00  6.000E-04  0.000E+00
  0.000E+00  5.000E-06  0.000E+00
  0.000E+00  6.000E-05  0.000E+00
  0.000E+00  2.000E-05  0.000E+00
  0.000E+00  1.900E-05  0.000E+00
  0.000E+00  2.040E-04  0.000E+00
  0.000E+00  1.750E-05  0.000E+00
  0.000E+00  1.900E-05  0.000E+00
  0.000E+00  4.000E-04  0.000E+00
 CLOUD COVER RATE OF SUBLAYER
  0.000E+00
 GAS CONCENTRATIONS PPMV
  4.911E+00  3.300E+02  7.856E+00  8.760E-02  2.047E-02  7.296E-01  2.090E+05
    35.0  5.672E-03  236.50 : Z P T
 PARTICLE PARAMETERS
  0.000E+00  8.000E-04  0.000E+00
  0.000E+00  2.000E-03  0.000E+00
  0.000E+00  6.000E-04  0.000E+00
  0.000E+00  5.000E-06  0.000E+00
  0.000E+00  6.000E-05  0.000E+00
  0.000E+00  2.000E-05  0.000E+00
  0.000E+00  1.900E-05  0.000E+00
  0.000E+00  2.040E-04  0.000E+00
  0.000E+00  1.750E-05  0.000E+00
  0.000E+00  1.900E-05  0.000E+00
  0.000E+00  4.000E-04  0.000E+00
 CLOUD COVER RATE OF SUBLAYER
  0.000E+00
 GAS CONCENTRATIONS PPMV
  4.886E+00  3.300E+02  7.774E+00  9.752E-02  1.975E-02  7.627E-01  2.090E+05
    34.0  6.420E-03  233.75 : Z P T
 PARTICLE PARAMETERS
  0.000E+00  8.000E-04  0.000E+00
  0.000E+00  2.000E-03  0.000E+00
  0.000E+00  6.000E-04  0.000E+00
  0.000E+00  5.000E-06  0.000E+00
  0.000E+00  6.000E-05  0.000E+00
  0.000E+00  2.000E-05  0.000E+00
  0.000E+00  1.900E-05  0.000E+00
  0.000E+00  2.040E-04  0.000E+00
  0.000E+00  1.750E-05  0.000E+00
  0.000E+00  1.900E-05  0.000E+00
  0.000E+00  4.000E-04  0.000E+00
 CLOUD COVER RATE OF SUBLAYER
  0.000E+00
 GAS CONCENTRATIONS PPMV
  4.857E+00  3.300E+02  7.608E+00  1.070E-01  1.910E-02  7.962E-01  2.090E+05
    33.0  7.344E-03  231.13 : Z P T
 PARTICLE PARAMETERS
  0.000E+00  8.000E-04  0.000E+00
  0.000E+00  2.000E-03  0.000E+00
  0.000E+00  6.000E-04  0.000E+00
  0.000E+00  5.000E-06  0.000E+00
  0.000E+00  6.000E-05  0.000E+00
  0.000E+00  2.000E-05  0.000E+00
  0.000E+00  1.900E-05  0.000E+00
  0.000E+00  2.040E-04  0.000E+00
  0.000E+00  1.750E-05  0.000E+00
  0.000E+00  1.900E-05  0.000E+00
  0.000E+00  4.000E-04  0.000E+00
 CLOUD COVER RATE OF SUBLAYER
  0.000E+00
 GAS CONCENTRATIONS PPMV
  4.825E+00  3.300E+02  7.365E+00  1.166E-01  1.850E-02  8.300E-01  2.090E+05
    32.0  8.553E-03  229.06 : Z P T
 PARTICLE PARAMETERS
  0.000E+00  8.000E-04  0.000E+00
  0.000E+00  2.000E-03  0.000E+00
  0.000E+00  6.000E-04  0.000E+00
  0.000E+00  5.000E-06  0.000E+00
  0.000E+00  6.000E-05  0.000E+00
  0.000E+00  2.000E-05  0.000E+00
  0.000E+00  1.900E-05  0.000E+00
  0.000E+00  2.040E-04  0.000E+00
  0.000E+00  1.750E-05  0.000E+00
  0.000E+00  1.900E-05  0.000E+00
  0.000E+00  4.000E-04  0.000E+00
 CLOUD COVER RATE OF SUBLAYER
  0.000E+00
 GAS CONCENTRATIONS PPMV
  4.790E+00  3.300E+02  7.062E+00  1.268E-01  1.793E-02  8.635E-01  2.090E+05
    31.0  1.007E-02  227.61 : Z P T
 PARTICLE PARAMETERS
  0.000E+00  8.000E-04  0.000E+00
  0.000E+00  2.000E-03  0.000E+00
  0.000E+00  6.000E-04  0.000E+00
  0.000E+00  5.000E-06  0.000E+00
  0.000E+00  6.000E-05  0.000E+00
  0.000E+00  2.000E-05  0.000E+00
  0.000E+00  1.900E-05  0.000E+00
  0.000E+00  2.040E-04  0.000E+00
  0.000E+00  1.750E-05  0.000E+00
  0.000E+00  1.900E-05  0.000E+00
  0.000E+00  4.000E-04  0.000E+00
 CLOUD COVER RATE OF SUBLAYER
  0.000E+00
 GAS CONCENTRATIONS PPMV
  4.749E+00  3.300E+02  6.725E+00  1.368E-01  1.737E-02  8.969E-01  2.090E+05
    30.0  1.182E-02  226.50 : Z P T
 PARTICLE PARAMETERS
  0.000E+00  8.000E-04  0.000E+00
  0.000E+00  2.000E-03  0.000E+00
  0.000E+00  6.000E-04  0.000E+00
  0.000E+00  5.000E-06  0.000E+00
  0.000E+00  6.000E-05  0.000E+00
  0.000E+00  2.000E-05  0.000E+00
  0.000E+00  1.900E-05  0.000E+00
  0.000E+00  2.040E-04  0.000E+00
  0.000E+00  1.750E-05  0.000E+00
  0.000E+00  1.900E-05  0.000E+00
  0.000E+00  4.000E-04  0.000E+00
 CLOUD COVER RATE OF SUBLAYER
  0.000E+00
 GAS CONCENTRATIONS PPMV
  4.694E+00  3.300E+02  6.388E+00  1.456E-01  1.684E-02  9.300E-01  2.090E+05
    29.0  1.376E-02  225.48 : Z P T
 PARTICLE PARAMETERS
  0.000E+00  8.000E-04  0.000E+00
  0.000E+00  2.000E-03  0.000E+00
  0.000E+00  6.000E-04  0.000E+00
  0.000E+00  5.000E-06  0.000E+00
  0.000E+00  6.000E-05  0.000E+00
  0.000E+00  2.000E-05  0.000E+00
  0.000E+00  1.900E-05  0.000E+00
  0.000E+00  2.040E-04  0.000E+00
  0.000E+00  1.750E-05  0.000E+00
  0.000E+00  1.900E-05  0.000E+00
  0.000E+00  4.000E-04  0.000E+00
 CLOUD COVER RATE OF SUBLAYER
  0.000E+00
 GAS CONCENTRATIONS PPMV
  4.633E+00  3.300E+02  6.076E+00  1.528E-01  1.637E-02  9.608E-01  2.090E+05
    28.0  1.597E-02  224.48 : Z P T
 PARTICLE PARAMETERS
  0.000E+00  8.000E-04  0.000E+00
  0.000E+00  2.000E-03  0.000E+00
  0.000E+00  6.000E-04  0.000E+00
  0.000E+00  5.000E-06  0.000E+00
  0.000E+00  6.000E-05  0.000E+00
  0.000E+00  2.000E-05  0.000E+00
  0.000E+00  1.900E-05  0.000E+00
  0.000E+00  2.040E-04  0.000E+00
  0.000E+00  1.750E-05  0.000E+00
  0.000E+00  1.900E-05  0.000E+00
  0.000E+00  4.000E-04  0.000E+00
 CLOUD COVER RATE OF SUBLAYER
  0.000E+00
 GAS CONCENTRATIONS PPMV
  4.577E+00  3.300E+02  5.810E+00  1.587E-01  1.600E-02  9.860E-01  2.090E+05
    27.0  1.855E-02  223.52 : Z P T
 PARTICLE PARAMETERS
  0.000E+00  8.000E-04  0.000E+00
  0.000E+00  2.000E-03  0.000E+00
  0.000E+00  6.000E-04  0.000E+00
  0.000E+00  5.000E-06  0.000E+00
  0.000E+00  6.000E-05  0.000E+00
  0.000E+00  2.000E-05  0.000E+00
  0.000E+00  1.900E-05  0.000E+00
  0.000E+00  2.040E-04  0.000E+00
  0.000E+00  1.750E-05  0.000E+00
  0.000E+00  1.900E-05  0.000E+00
  0.000E+00  4.000E-04  0.000E+00
 CLOUD COVER RATE OF SUBLAYER
  0.000E+00
 GAS CONCENTRATIONS PPMV
  4.530E+00  3.300E+02  5.575E+00  1.642E-01  1.570E-02  1.007E+00  2.090E+05
    26.0  2.159E-02  222.57 : Z P T
 PARTICLE PARAMETERS
  0.000E+00  8.000E-04  0.000E+00
  0.000E+00  2.000E-03  0.000E+00
  0.000E+00  6.000E-04  0.000E+00
  0.000E+00  5.000E-06  0.000E+00
  0.000E+00  6.000E-05  0.000E+00
  0.000E+00  2.000E-05  0.000E+00
  0.000E+00  1.900E-05  0.000E+00
  0.000E+00  2.040E-04  0.000E+00
  0.000E+00  1.750E-05  0.000E+00
  0.000E+00  1.900E-05  0.000E+00
  0.000E+00  4.000E-04  0.000E+00
 CLOUD COVER RATE OF SUBLAYER
  0.000E+00
 GAS CONCENTRATIONS PPMV
  4.466E+00  3.300E+02  5.289E+00  1.713E-01  1.527E-02  1.036E+00  2.090E+05
    25.0  2.516E-02  221.60 : Z P T
 PARTICLE PARAMETERS
  0.000E+00  8.000E-04  0.000E+00
  0.000E+00  2.000E-03  0.000E+00
  0.000E+00  6.000E-04  0.000E+00
  0.000E+00  5.000E-06  0.000E+00
  0.000E+00  6.000E-05  0.000E+00
  0.000E+00  2.000E-05  0.000E+00
  0.000E+00  1.900E-05  0.000E+00
  0.000E+00  2.040E-04  0.000E+00
  0.000E+00  1.750E-05  0.000E+00
  0.000E+00  1.900E-05  0.000E+00
  0.000E+00  4.000E-04  0.000E+00
 CLOUD COVER RATE OF SUBLAYER
  0.000E+00
 GAS CONCENTRATIONS PPMV
  4.363E+00  3.300E+02  4.872E+00  1.815E-01  1.449E-02  1.086E+00  2.090E+05
    24.0  2.934E-02  220.60 : Z P T
 PARTICLE PARAMETERS
  0.000E+00  8.000E-04  0.000E+00
  0.000E+00  2.000E-03  0.000E+00
  0.000E+00  6.000E-04  0.000E+00
  0.000E+00  5.000E-06  0.000E+00
  0.000E+00  6.000E-05  0.000E+00
  0.000E+00  2.000E-05  0.000E+00
  0.000E+00  1.900E-05  0.000E+00
  0.000E+00  2.040E-04  0.000E+00
  0.000E+00  1.750E-05  0.000E+00
  0.000E+00  1.900E-05  0.000E+00
  0.000E+00  4.000E-04  0.000E+00
 CLOUD COVER RATE OF SUBLAYER
  0.000E+00
 GAS CONCENTRATIONS PPMV
  4.250E+00  3.300E+02  4.397E+00  1.921E-01  1.354E-02  1.154E+00  2.090E+05
    23.0  3.423E-02  219.60 : Z P T
 PARTICLE PARAMETERS
  0.000E+00  8.000E-04  0.000E+00
  0.000E+00  2.000E-03  0.000E+00
  0.000E+00  6.000E-04  0.000E+00
  0.000E+00  5.000E-06  0.000E+00
  0.000E+00  6.000E-05  0.000E+00
  0.000E+00  2.000E-05  0.000E+00
  0.000E+00  1.900E-05  0.000E+00
  0.000E+00  2.040E-04  0.000E+00
  0.000E+00  1.750E-05  0.000E+00
  0.000E+00  1.900E-05  0.000E+00
  0.000E+00  4.000E-04  0.000E+00
 CLOUD COVER RATE OF SUBLAYER
  0.000E+00
 GAS CONCENTRATIONS PPMV
  4.132E+00  3.300E+02  3.908E+00  2.009E-01  1.270E-02  1.231E+00  2.090E+05
    22.0  3.995E-02  218.60 : Z P T
 PARTICLE PARAMETERS
  0.000E+00  8.000E-04  0.000E+00
  0.000E+00  2.000E-03  0.000E+00
  0.000E+00  6.000E-04  0.000E+00
  0.000E+00  5.000E-06  0.000E+00
  0.000E+00  6.000E-05  0.000E+00
  0.000E+00  2.000E-05  0.000E+00
  0.000E+00  1.900E-05  0.000E+00
  0.000E+00  2.040E-04  0.000E+00
  0.000E+00  1.750E-05  0.000E+00
  0.000E+00  1.900E-05  0.000E+00
  0.000E+00  4.000E-04  0.000E+00
 CLOUD COVER RATE OF SUBLAYER
  0.000E+00
 GAS CONCENTRATIONS PPMV
  4.020E+00  3.300E+02  3.337E+00  2.122E-01  1.232E-02  1.313E+00  2.090E+05
    21.0  4.668E-02  217.60 : Z P T
 PARTICLE PARAMETERS
  0.000E+00  8.000E-04  0.000E+00
  0.000E+00  2.000E-03  0.000E+00
  0.000E+00  6.000E-04  0.000E+00
  0.000E+00  5.000E-06  0.000E+00
  0.000E+00  6.000E-05  0.000E+00
  0.000E+00  2.000E-05  0.000E+00
  0.000E+00  1.900E-05  0.000E+00
  0.000E+00  2.040E-04  0.000E+00
  0.000E+00  1.750E-05  0.000E+00
  0.000E+00  1.900E-05  0.000E+00
  0.000E+00  4.000E-04  0.000E+00
 CLOUD COVER RATE OF SUBLAYER
  0.000E+00
 GAS CONCENTRATIONS PPMV
  3.937E+00  3.300E+02  2.803E+00  2.279E-01  1.282E-02  1.389E+00  2.090E+05
    20.0  5.458E-02  216.70 : Z P T
 PARTICLE PARAMETERS
  0.000E+00  8.000E-04  0.000E+00
  0.000E+00  2.000E-03  0.000E+00
  0.000E+00  6.000E-04  0.000E+00
  0.000E+00  5.000E-06  0.000E+00
  0.000E+00  6.000E-05  0.000E+00
  0.000E+00  2.000E-05  0.000E+00
  0.000E+00  1.900E-05  0.000E+00
  0.000E+00  2.040E-04  0.000E+00
  0.000E+00  1.750E-05  0.000E+00
  0.000E+00  1.900E-05  0.000E+00
  0.000E+00  4.000E-04  0.000E+00
 CLOUD COVER RATE OF SUBLAYER
  0.000E+00
 GAS CONCENTRATIONS PPMV
  3.875E+00  3.300E+02  2.304E+00  2.446E-01  1.440E-02  1.452E+00  2.090E+05
    19.0  6.384E-02  216.70 : Z P T
 PARTICLE PARAMETERS
  0.000E+00  8.000E-04  0.000E+00
  0.000E+00  2.000E-03  0.000E+00
  0.000E+00  6.000E-04  0.000E+00
  0.000E+00  5.000E-06  0.000E+00
  0.000E+00  6.000E-05  0.000E+00
  0.000E+00  2.000E-05  0.000E+00
  0.000E+00  1.900E-05  0.000E+00
  0.000E+00  2.040E-04  0.000E+00
  0.000E+00  1.750E-05  0.000E+00
  0.000E+00  1.900E-05  0.000E+00
  0.000E+00  4.000E-04  0.000E+00
 CLOUD COVER RATE OF SUBLAYER
  0.000E+00
 GAS CONCENTRATIONS PPMV
  3.838E+00  3.300E+02  1.809E+00  2.599E-01  1.758E-02  1.500E+00  2.090E+05
    18.0  7.468E-02  216.70 : Z P T
 PARTICLE PARAMETERS
  0.000E+00  8.000E-04  0.000E+00
  0.000E+00  2.000E-03  0.000E+00
  0.000E+00  6.000E-04  0.000E+00
  0.000E+00  5.000E-06  0.000E+00
  0.000E+00  6.000E-05  0.000E+00
  0.000E+00  2.000E-05  0.000E+00
  0.000E+00  1.900E-05  0.000E+00
  0.000E+00  2.040E-04  0.000E+00
  0.000E+00  1.750E-05  0.000E+00
  0.000E+00  1.900E-05  0.000E+00
  0.000E+00  4.000E-04  0.000E+00
 CLOUD COVER RATE OF SUBLAYER
  0.000E+00
 GAS CONCENTRATIONS PPMV
  3.838E+00  3.300E+02  1.387E+00  2.727E-01  2.227E-02  1.537E+00  2.090E+05
    17.0  8.736E-02  216.70 : Z P T
 PARTICLE PARAMETERS
  0.000E+00  8.000E-04  0.000E+00
  0.000E+00  2.000E-03  0.000E+00
  0.000E+00  6.000E-04  0.000E+00
  0.000E+00  5.000E-06  0.000E+00
  0.000E+00  6.000E-05  0.000E+00
  0.000E+00  2.000E-05  0.000E+00
  0.000E+00  1.900E-05  0.000E+00
  0.000E+00  2.040E-04  0.000E+00
  0.000E+00  1.750E-05  0.000E+00
  0.000E+00  1.900E-05  0.000E+00
  0.000E+00  4.000E-04  0.000E+00
 CLOUD COVER RATE OF SUBLAYER
  0.000E+00
 GAS CONCENTRATIONS PPMV
  3.900E+00  3.300E+02  1.029E+00  2.830E-01  2.779E-02  1.567E+00  2.090E+05
    16.0  1.022E-01  216.70 : Z P T
 PARTICLE PARAMETERS
  0.000E+00  8.000E-04  0.000E+00
  0.000E+00  2.000E-03  0.000E+00
  0.000E+00  6.000E-04  0.000E+00
  0.000E+00  5.000E-06  0.000E+00
  0.000E+00  6.000E-05  0.000E+00
  0.000E+00  2.000E-05  0.000E+00
  0.000E+00  1.900E-05  0.000E+00
  0.000E+00  2.040E-04  0.000E+00
  0.000E+00  1.750E-05  0.000E+00
  0.000E+00  1.900E-05  0.000E+00
  0.000E+00  4.000E-04  0.000E+00
 CLOUD COVER RATE OF SUBLAYER
  0.000E+00
 GAS CONCENTRATIONS PPMV
  4.475E+00  3.300E+02  7.603E-01  2.911E-01  3.505E-02  1.593E+00  2.090E+05
    15.0  1.195E-01  216.70 : Z P T
 PARTICLE PARAMETERS
  0.000E+00  8.000E-04  0.000E+00
  0.000E+00  2.000E-03  0.000E+00
  0.000E+00  6.000E-04  0.000E+00
  0.000E+00  5.000E-06  0.000E+00
  0.000E+00  6.000E-05  0.000E+00
  0.000E+00  2.000E-05  0.000E+00
  0.000E+00  1.900E-05  0.000E+00
  0.000E+00  2.040E-04  0.000E+00
  0.000E+00  1.750E-05  0.000E+00
  0.000E+00  1.900E-05  0.000E+00
  0.000E+00  4.000E-04  0.000E+00
 CLOUD COVER RATE OF SUBLAYER
  0.000E+00
 GAS CONCENTRATIONS PPMV
  5.463E+00  3.300E+02  5.767E-01  2.972E-01  4.483E-02  1.615E+00  2.090E+05
    14.0  1.399E-01  216.70 : Z P T
 PARTICLE PARAMETERS
  0.000E+00  8.000E-04  0.000E+00
  0.000E+00  2.000E-03  0.000E+00
  0.000E+00  6.000E-04  0.000E+00
  0.000E+00  5.000E-06  0.000E+00
  0.000E+00  6.000E-05  0.000E+00
  0.000E+00  2.000E-05  0.000E+00
  0.000E+00  1.900E-05  0.000E+00
  0.000E+00  2.040E-04  0.000E+00
  0.000E+00  1.750E-05  0.000E+00
  0.000E+00  1.900E-05  0.000E+00
  0.000E+00  4.000E-04  0.000E+00
 CLOUD COVER RATE OF SUBLAYER
  0.000E+00
 GAS CONCENTRATIONS PPMV
  8.388E+00  3.300E+02  4.438E-01  3.024E-01  5.699E-02  1.636E+00  2.090E+05
    13.0  1.637E-01  216.70 : Z P T
 PARTICLE PARAMETERS
  0.000E+00  8.000E-04  0.000E+00
  0.000E+00  2.000E-03  0.000E+00
  0.000E+00  6.000E-04  0.000E+00
  0.000E+00  5.000E-06  0.000E+00
  0.000E+00  6.000E-05  0.000E+00
  0.000E+00  2.000E-05  0.000E+00
  0.000E+00  1.900E-05  0.000E+00
  0.000E+00  2.040E-04  0.000E+00
  0.000E+00  1.750E-05  0.000E+00
  0.000E+00  1.900E-05  0.000E+00
  0.000E+00  4.000E-04  0.000E+00
 CLOUD COVER RATE OF SUBLAYER
  0.000E+00
 GAS CONCENTRATIONS PPMV
  1.496E+01  3.300E+02  3.470E-01  3.072E-01  7.094E-02  1.654E+00  2.090E+05
    12.0  1.915E-01  216.70 : Z P T
 PARTICLE PARAMETERS
  0.000E+00  8.000E-04  0.000E+00
  0.000E+00  2.000E-03  0.000E+00
  0.000E+00  6.000E-04  0.000E+00
  0.000E+00  5.000E-06  0.000E+00
  0.000E+00  6.000E-05  0.000E+00
  0.000E+00  2.000E-05  0.000E+00
  0.000E+00  1.900E-05  0.000E+00
  0.000E+00  2.040E-04  0.000E+00
  0.000E+00  1.750E-05  0.000E+00
  0.000E+00  1.900E-05  0.000E+00
  0.000E+00  4.000E-04  0.000E+00
 CLOUD COVER RATE OF SUBLAYER
  0.000E+00
 GAS CONCENTRATIONS PPMV
  2.759E+01  3.300E+02  2.622E-01  3.118E-01  8.389E-02  1.668E+00  2.090E+05
    11.0  2.241E-01  216.80 : Z P T
 PARTICLE PARAMETERS
  0.000E+00  8.000E-04  0.000E+00
  0.000E+00  2.000E-03  0.000E+00
  0.000E+00  6.000E-04  0.000E+00
  0.000E+00  5.000E-06  0.000E+00
  0.000E+00  6.000E-05  0.000E+00
  0.000E+00  2.000E-05  0.000E+00
  0.000E+00  1.900E-05  0.000E+00
  0.000E+00  2.040E-04  0.000E+00
  0.000E+00  1.750E-05  0.000E+00
  0.000E+00  1.900E-05  0.000E+00
  0.000E+00  4.000E-04  0.000E+00
 CLOUD COVER RATE OF SUBLAYER
  0.000E+00
 GAS CONCENTRATIONS PPMV
  5.304E+01  3.300E+02  1.731E-01  3.159E-01  9.463E-02  1.680E+00  2.090E+05
    10.0  2.616E-01  223.30 : Z P T
 PARTICLE PARAMETERS
  0.000E+00  8.000E-04  0.000E+00
  0.000E+00  2.000E-03  0.000E+00
  0.000E+00  6.000E-04  0.000E+00
  0.000E+00  5.000E-06  0.000E+00
  0.000E+00  6.000E-05  0.000E+00
  0.000E+00  2.000E-05  0.000E+00
  0.000E+00  1.900E-05  0.000E+00
  0.000E+00  2.040E-04  0.000E+00
  0.000E+00  1.750E-05  0.000E+00
  0.000E+00  1.900E-05  0.000E+00
  0.000E+00  4.000E-04  0.000E+00
 CLOUD COVER RATE OF SUBLAYER
  0.000E+00
 GAS CONCENTRATIONS PPMV
  1.141E+02  3.300E+02  1.115E-01  3.187E-01  1.045E-01  1.689E+00  2.090E+05
     9.0  3.040E-01  229.70 : Z P T
 PARTICLE PARAMETERS
  0.000E+00  8.000E-04  0.000E+00
  0.000E+00  2.000E-03  0.000E+00
  0.000E+00  6.000E-04  0.000E+00
  0.000E+00  5.000E-06  0.000E+00
  0.000E+00  6.000E-05  0.000E+00
  0.000E+00  2.000E-05  0.000E+00
  0.000E+00  1.900E-05  0.000E+00
  0.000E+00  2.040E-04  0.000E+00
  0.000E+00  1.750E-05  0.000E+00
  0.000E+00  1.900E-05  0.000E+00
  0.000E+00  4.000E-04  0.000E+00
 CLOUD COVER RATE OF SUBLAYER
  0.000E+00
 GAS CONCENTRATIONS PPMV
  2.625E+02  3.300E+02  7.567E-02  3.198E-01  1.139E-01  1.695E+00  2.090E+05
     8.0  3.519E-01  236.20 : Z P T
 PARTICLE PARAMETERS
  0.000E+00  8.000E-04  0.000E+00
  0.000E+00  2.000E-03  0.000E+00
  0.000E+00  6.000E-04  0.000E+00
  0.000E+00  5.000E-06  0.000E+00
  0.000E+00  6.000E-05  0.000E+00
  0.000E+00  2.000E-05  0.000E+00
  0.000E+00  1.900E-05  0.000E+00
  0.000E+00  2.040E-04  0.000E+00
  0.000E+00  1.750E-05  0.000E+00
  0.000E+00  1.900E-05  0.000E+00
  0.000E+00  4.000E-04  0.000E+00
 CLOUD COVER RATE OF SUBLAYER
  0.000E+00
 GAS CONCENTRATIONS PPMV
  4.693E+02  3.300E+02  5.487E-02  3.200E-01  1.216E-01  1.698E+00  2.090E+05
     7.0  4.058E-01  242.70 : Z P T
 PARTICLE PARAMETERS
  0.000E+00  8.000E-04  0.000E+00
  0.000E+00  2.000E-03  0.000E+00
  0.000E+00  6.000E-04  0.000E+00
  0.000E+00  5.000E-06  0.000E+00
  0.000E+00  6.000E-05  0.000E+00
  0.000E+00  2.000E-05  0.000E+00
  0.000E+00  1.900E-05  0.000E+00
  0.000E+00  2.040E-04  0.000E+00
  0.000E+00  1.750E-05  0.000E+00
  0.000E+00  1.900E-05  0.000E+00
  0.000E+00  4.000E-04  0.000E+00
 CLOUD COVER RATE OF SUBLAYER
  0.000E+00
 GAS CONCENTRATIONS PPMV
  7.487E+02  3.300E+02  4.560E-02  3.200E-01  1.268E-01  1.700E+00  2.090E+05
     6.0  4.661E-01  249.20 : Z P T
 PARTICLE PARAMETERS
  0.000E+00  8.000E-04  0.000E+00
  0.000E+00  2.000E-03  0.000E+00
  0.000E+00  6.000E-04  0.000E+00
  0.000E+00  5.000E-06  0.000E+00
  0.000E+00  6.000E-05  0.000E+00
  0.000E+00  2.000E-05  0.000E+00
  0.000E+00  1.900E-05  0.000E+00
  0.000E+00  2.040E-04  0.000E+00
  0.000E+00  1.750E-05  0.000E+00
  0.000E+00  1.900E-05  0.000E+00
  0.000E+00  4.000E-04  0.000E+00
 CLOUD COVER RATE OF SUBLAYER
  0.000E+00
 GAS CONCENTRATIONS PPMV
  1.161E+03  3.300E+02  3.940E-02  3.200E-01  1.296E-01  1.700E+00  2.090E+05
     5.0  5.336E-01  255.70 : Z P T
 PARTICLE PARAMETERS
  0.000E+00  8.000E-04  0.000E+00
  0.000E+00  2.000E-03  0.000E+00
  0.000E+00  6.000E-04  0.000E+00
  0.000E+00  5.000E-06  0.000E+00
  0.000E+00  6.000E-05  0.000E+00
  0.000E+00  2.000E-05  0.000E+00
  0.000E+00  1.900E-05  0.000E+00
  0.000E+00  2.040E-04  0.000E+00
  0.000E+00  1.750E-05  0.000E+00
  0.000E+00  1.900E-05  0.000E+00
  0.000E+00  4.000E-04  0.000E+00
 CLOUD COVER RATE OF SUBLAYER
  0.000E+00
 GAS CONCENTRATIONS PPMV
  1.778E+03  3.300E+02  3.577E-02  3.200E-01  1.308E-01  1.700E+00  2.090E+05
     4.0  6.087E-01  262.20 : Z P T
 PARTICLE PARAMETERS
  0.000E+00  8.000E-04  0.000E+00
  0.000E+00  2.000E-03  0.000E+00
  0.000E+00  6.000E-04  0.000E+00
  0.000E+00  5.000E-06  0.000E+00
  0.000E+00  6.000E-05  0.000E+00
  0.000E+00  2.000E-05  0.000E+00
  0.000E+00  1.900E-05  0.000E+00
  0.000E+00  2.040E-04  0.000E+00
  0.000E+00  1.750E-05  0.000E+00
  0.000E+00  1.900E-05  0.000E+00
  0.000E+00  4.000E-04  0.000E+00
 CLOUD COVER RATE OF SUBLAYER
  0.000E+00
 GAS CONCENTRATIONS PPMV
  2.670E+03  3.300E+02  3.352E-02  3.200E-01  1.331E-01  1.700E+00  2.090E+05
     3.0  6.922E-01  268.70 : Z P T
 PARTICLE PARAMETERS
  0.000E+00  8.000E-04  0.000E+00
  0.000E+00  2.000E-03  0.000E+00
  0.000E+00  6.000E-04  0.000E+00
  0.000E+00  5.000E-06  0.000E+00
  0.000E+00  6.000E-05  0.000E+00
  0.000E+00  2.000E-05  0.000E+00
  0.000E+00  1.900E-05  0.000E+00
  0.000E+00  2.040E-04  0.000E+00
  0.000E+00  1.750E-05  0.000E+00
  0.000E+00  1.900E-05  0.000E+00
  0.000E+00  4.000E-04  0.000E+00
 CLOUD COVER RATE OF SUBLAYER
  0.000E+00
 GAS CONCENTRATIONS PPMV
  3.906E+03  3.300E+02  3.278E-02  3.200E-01  1.374E-01  1.700E+00  2.090E+05
     2.0  7.848E-01  275.20 : Z P T
 PARTICLE PARAMETERS
  0.000E+00  8.000E-04  0.000E+00
  0.000E+00  2.000E-03  0.000E+00
  0.000E+00  6.000E-04  0.000E+00
  0.000E+00  5.000E-06  0.000E+00
  0.000E+00  6.000E-05  0.000E+00
  0.000E+00  2.000E-05  0.000E+00
  0.000E+00  1.900E-05  0.000E+00
  0.000E+00  2.040E-04  0.000E+00
  0.000E+00  1.750E-05  0.000E+00
  0.000E+00  1.900E-05  0.000E+00
  0.000E+00  4.000E-04  0.000E+00
 CLOUD COVER RATE OF SUBLAYER
  0.000E+00
 GAS CONCENTRATIONS PPMV
  5.351E+03  3.300E+02  3.084E-02  3.200E-01  1.425E-01  1.700E+00  2.090E+05
     1.0  8.873E-01  281.70 : Z P T
 PARTICLE PARAMETERS
  0.000E+00  8.000E-04  0.000E+00
  0.000E+00  2.000E-03  0.000E+00
  0.000E+00  6.000E-04  0.000E+00
  0.000E+00  5.000E-06  0.000E+00
  0.000E+00  6.000E-05  0.000E+00
  0.000E+00  2.000E-05  0.000E+00
  0.000E+00  1.900E-05  0.000E+00
  0.000E+00  2.040E-04  0.000E+00
  0.000E+00  1.750E-05  0.000E+00
  0.000E+00  1.900E-05  0.000E+00
  0.000E+00  4.000E-04  0.000E+00
 CLOUD COVER RATE OF SUBLAYER
  0.000E+00
 GAS CONCENTRATIONS PPMV
  6.908E+03  3.300E+02  2.796E-02  3.200E-01  1.475E-01  1.700E+00  2.090E+05
     0.0  1.000E+00  288.20 : Z P T
 300.0 : GTMP
  3.100E+00  5.000E-01  0.000E+00  0.000E+00  0.000E+00 : PRG
