100 0.500 : NL AMS
   100.0  2.448E-07  190.40 : Z P T
 PARTICLE PARAMETERS
  0.000E+00  8.000E-04  0.000E+00
  0.000E+00  2.000E-03  0.000E+00
  0.000E+00  6.000E-04  0.000E+00
  0.000E+00  5.000E-06  0.000E+00
  0.000E+00  6.000E-05  0.000E+00
  0.000E+00  2.000E-05  0.000E+00
  0.000E+00  1.900E-05  0.000E+00
  0.000E+00  2.040E-04  0.000E+00
  0.000E+00  1.750E-05  0.000E+00
  0.000E+00  1.900E-05  0.000E+00
  0.000E+00  4.000E-04  0.000E+00
 CLOUD COVER RATE OF SUBLAYER
  0.000E+00
 GAS CONCENTRATIONS PPMV
  4.090E-01  2.035E+02  4.372E-01  2.744E-04  9.830E+00  1.210E-01  1.622E+05
    99.0  2.904E-07  186.47 : Z P T
 PARTICLE PARAMETERS
  0.000E+00  8.000E-04  0.000E+00
  0.000E+00  2.000E-03  0.000E+00
  0.000E+00  6.000E-04  0.000E+00
  0.000E+00  5.000E-06  0.000E+00
  0.000E+00  6.000E-05  0.000E+00
  0.000E+00  2.000E-05  0.000E+00
  0.000E+00  1.900E-05  0.000E+00
  0.000E+00  2.040E-04  0.000E+00
  0.000E+00  1.750E-05  0.000E+00
  0.000E+00  1.900E-05  0.000E+00
  0.000E+00  4.000E-04  0.000E+00
 CLOUD COVER RATE OF SUBLAYER
  0.000E+00
 GAS CONCENTRATIONS PPMV
  4.289E-01  2.202E+02  5.168E-01  2.807E-04  8.720E+00  1.230E-01  1.665E+05
    98.0  3.461E-07  183.60 : Z P T
 PARTICLE PARAMETERS
  0.000E+00  8.000E-04  0.000E+00
  0.000E+00  2.000E-03  0.000E+00
  0.000E+00  6.000E-04  0.000E+00
  0.000E+00  5.000E-06  0.000E+00
  0.000E+00  6.000E-05  0.000E+00
  0.000E+00  2.000E-05  0.000E+00
  0.000E+00  1.900E-05  0.000E+00
  0.000E+00  2.040E-04  0.000E+00
  0.000E+00  1.750E-05  0.000E+00
  0.000E+00  1.900E-05  0.000E+00
  0.000E+00  4.000E-04  0.000E+00
 CLOUD COVER RATE OF SUBLAYER
  0.000E+00
 GAS CONCENTRATIONS PPMV
  4.534E-01  2.359E+02  6.028E-01  2.872E-04  7.773E+00  1.251E-01  1.708E+05
    97.0  4.142E-07  181.33 : Z P T
 PARTICLE PARAMETERS
  0.000E+00  8.000E-04  0.000E+00
  0.000E+00  2.000E-03  0.000E+00
  0.000E+00  6.000E-04  0.000E+00
  0.000E+00  5.000E-06  0.000E+00
  0.000E+00  6.000E-05  0.000E+00
  0.000E+00  2.000E-05  0.000E+00
  0.000E+00  1.900E-05  0.000E+00
  0.000E+00  2.040E-04  0.000E+00
  0.000E+00  1.750E-05  0.000E+00
  0.000E+00  1.900E-05  0.000E+00
  0.000E+00  4.000E-04  0.000E+00
 CLOUD COVER RATE OF SUBLAYER
  0.000E+00
 GAS CONCENTRATIONS PPMV
  4.834E-01  2.504E+02  6.880E-01  2.940E-04  6.959E+00  1.271E-01  1.748E+05
    96.0  4.974E-07  179.21 : Z P T
 PARTICLE PARAMETERS
  0.000E+00  8.000E-04  0.000E+00
  0.000E+00  2.000E-03  0.000E+00
  0.000E+00  6.000E-04  0.000E+00
  0.000E+00  5.000E-06  0.000E+00
  0.000E+00  6.000E-05  0.000E+00
  0.000E+00  2.000E-05  0.000E+00
  0.000E+00  1.900E-05  0.000E+00
  0.000E+00  2.040E-04  0.000E+00
  0.000E+00  1.750E-05  0.000E+00
  0.000E+00  1.900E-05  0.000E+00
  0.000E+00  4.000E-04  0.000E+00
 CLOUD COVER RATE OF SUBLAYER
  0.000E+00
 GAS CONCENTRATIONS PPMV
  5.200E-01  2.637E+02  7.647E-01  3.011E-04  6.249E+00  1.290E-01  1.783E+05
    95.0  5.982E-07  176.80 : Z P T
 PARTICLE PARAMETERS
  0.000E+00  8.000E-04  0.000E+00
  0.000E+00  2.000E-03  0.000E+00
  0.000E+00  6.000E-04  0.000E+00
  0.000E+00  5.000E-06  0.000E+00
  0.000E+00  6.000E-05  0.000E+00
  0.000E+00  2.000E-05  0.000E+00
  0.000E+00  1.900E-05  0.000E+00
  0.000E+00  2.040E-04  0.000E+00
  0.000E+00  1.750E-05  0.000E+00
  0.000E+00  1.900E-05  0.000E+00
  0.000E+00  4.000E-04  0.000E+00
 CLOUD COVER RATE OF SUBLAYER
  0.000E+00
 GAS CONCENTRATIONS PPMV
  5.639E-01  2.755E+02  8.263E-01  3.085E-04  5.614E+00  1.310E-01  1.813E+05
    94.0  7.202E-07  173.78 : Z P T
 PARTICLE PARAMETERS
  0.000E+00  8.000E-04  0.000E+00
  0.000E+00  2.000E-03  0.000E+00
  0.000E+00  6.000E-04  0.000E+00
  0.000E+00  5.000E-06  0.000E+00
  0.000E+00  6.000E-05  0.000E+00
  0.000E+00  2.000E-05  0.000E+00
  0.000E+00  1.900E-05  0.000E+00
  0.000E+00  2.040E-04  0.000E+00
  0.000E+00  1.750E-05  0.000E+00
  0.000E+00  1.900E-05  0.000E+00
  0.000E+00  4.000E-04  0.000E+00
 CLOUD COVER RATE OF SUBLAYER
  0.000E+00
 GAS CONCENTRATIONS PPMV
  6.154E-01  2.858E+02  8.699E-01  3.162E-04  5.039E+00  1.329E-01  1.838E+05
    93.0  8.713E-07  170.38 : Z P T
 PARTICLE PARAMETERS
  0.000E+00  8.000E-04  0.000E+00
  0.000E+00  2.000E-03  0.000E+00
  0.000E+00  6.000E-04  0.000E+00
  0.000E+00  5.000E-06  0.000E+00
  0.000E+00  6.000E-05  0.000E+00
  0.000E+00  2.000E-05  0.000E+00
  0.000E+00  1.900E-05  0.000E+00
  0.000E+00  2.040E-04  0.000E+00
  0.000E+00  1.750E-05  0.000E+00
  0.000E+00  1.900E-05  0.000E+00
  0.000E+00  4.000E-04  0.000E+00
 CLOUD COVER RATE OF SUBLAYER
  0.000E+00
 GAS CONCENTRATIONS PPMV
  6.743E-01  2.946E+02  8.964E-01  3.242E-04  4.515E+00  1.348E-01  1.858E+05
    92.0  1.060E-06  166.97 : Z P T
 PARTICLE PARAMETERS
  0.000E+00  8.000E-04  0.000E+00
  0.000E+00  2.000E-03  0.000E+00
  0.000E+00  6.000E-04  0.000E+00
  0.000E+00  5.000E-06  0.000E+00
  0.000E+00  6.000E-05  0.000E+00
  0.000E+00  2.000E-05  0.000E+00
  0.000E+00  1.900E-05  0.000E+00
  0.000E+00  2.040E-04  0.000E+00
  0.000E+00  1.750E-05  0.000E+00
  0.000E+00  1.900E-05  0.000E+00
  0.000E+00  4.000E-04  0.000E+00
 CLOUD COVER RATE OF SUBLAYER
  0.000E+00
 GAS CONCENTRATIONS PPMV
  7.401E-01  3.018E+02  9.074E-01  3.326E-04  4.039E+00  1.368E-01  1.875E+05
    91.0  1.297E-06  163.92 : Z P T
 PARTICLE PARAMETERS
  0.000E+00  8.000E-04  0.000E+00
  0.000E+00  2.000E-03  0.000E+00
  0.000E+00  6.000E-04  0.000E+00
  0.000E+00  5.000E-06  0.000E+00
  0.000E+00  6.000E-05  0.000E+00
  0.000E+00  2.000E-05  0.000E+00
  0.000E+00  1.900E-05  0.000E+00
  0.000E+00  2.040E-04  0.000E+00
  0.000E+00  1.750E-05  0.000E+00
  0.000E+00  1.900E-05  0.000E+00
  0.000E+00  4.000E-04  0.000E+00
 CLOUD COVER RATE OF SUBLAYER
  0.000E+00
 GAS CONCENTRATIONS PPMV
  8.123E-01  3.075E+02  9.046E-01  3.414E-04  3.608E+00  1.389E-01  1.892E+05
    90.0  1.589E-06  161.60 : Z P T
 PARTICLE PARAMETERS
  0.000E+00  8.000E-04  0.000E+00
  0.000E+00  2.000E-03  0.000E+00
  0.000E+00  6.000E-04  0.000E+00
  0.000E+00  5.000E-06  0.000E+00
  0.000E+00  6.000E-05  0.000E+00
  0.000E+00  2.000E-05  0.000E+00
  0.000E+00  1.900E-05  0.000E+00
  0.000E+00  2.040E-04  0.000E+00
  0.000E+00  1.750E-05  0.000E+00
  0.000E+00  1.900E-05  0.000E+00
  0.000E+00  4.000E-04  0.000E+00
 CLOUD COVER RATE OF SUBLAYER
  0.000E+00
 GAS CONCENTRATIONS PPMV
  8.907E-01  3.118E+02  8.894E-01  3.506E-04  3.215E+00  1.412E-01  1.909E+05
    89.0  1.949E-06  160.28 : Z P T
 PARTICLE PARAMETERS
  0.000E+00  8.000E-04  0.000E+00
  0.000E+00  2.000E-03  0.000E+00
  0.000E+00  6.000E-04  0.000E+00
  0.000E+00  5.000E-06  0.000E+00
  0.000E+00  6.000E-05  0.000E+00
  0.000E+00  2.000E-05  0.000E+00
  0.000E+00  1.900E-05  0.000E+00
  0.000E+00  2.040E-04  0.000E+00
  0.000E+00  1.750E-05  0.000E+00
  0.000E+00  1.900E-05  0.000E+00
  0.000E+00  4.000E-04  0.000E+00
 CLOUD COVER RATE OF SUBLAYER
  0.000E+00
 GAS CONCENTRATIONS PPMV
  9.754E-01  3.147E+02  8.618E-01  3.603E-04  2.858E+00  1.435E-01  1.927E+05
    88.0  2.394E-06  159.84 : Z P T
 PARTICLE PARAMETERS
  0.000E+00  8.000E-04  0.000E+00
  0.000E+00  2.000E-03  0.000E+00
  0.000E+00  6.000E-04  0.000E+00
  0.000E+00  5.000E-06  0.000E+00
  0.000E+00  6.000E-05  0.000E+00
  0.000E+00  2.000E-05  0.000E+00
  0.000E+00  1.900E-05  0.000E+00
  0.000E+00  2.040E-04  0.000E+00
  0.000E+00  1.750E-05  0.000E+00
  0.000E+00  1.900E-05  0.000E+00
  0.000E+00  4.000E-04  0.000E+00
 CLOUD COVER RATE OF SUBLAYER
  0.000E+00
 GAS CONCENTRATIONS PPMV
  1.067E+00  3.167E+02  8.205E-01  3.705E-04  2.531E+00  1.458E-01  1.947E+05
    87.0  2.946E-06  160.08 : Z P T
 PARTICLE PARAMETERS
  0.000E+00  8.000E-04  0.000E+00
  0.000E+00  2.000E-03  0.000E+00
  0.000E+00  6.000E-04  0.000E+00
  0.000E+00  5.000E-06  0.000E+00
  0.000E+00  6.000E-05  0.000E+00
  0.000E+00  2.000E-05  0.000E+00
  0.000E+00  1.900E-05  0.000E+00
  0.000E+00  2.040E-04  0.000E+00
  0.000E+00  1.750E-05  0.000E+00
  0.000E+00  1.900E-05  0.000E+00
  0.000E+00  4.000E-04  0.000E+00
 CLOUD COVER RATE OF SUBLAYER
  0.000E+00
 GAS CONCENTRATIONS PPMV
  1.166E+00  3.181E+02  7.641E-01  3.811E-04  2.232E+00  1.478E-01  1.968E+05
    86.0  3.625E-06  160.77 : Z P T
 PARTICLE PARAMETERS
  0.000E+00  8.000E-04  0.000E+00
  0.000E+00  2.000E-03  0.000E+00
  0.000E+00  6.000E-04  0.000E+00
  0.000E+00  5.000E-06  0.000E+00
  0.000E+00  6.000E-05  0.000E+00
  0.000E+00  2.000E-05  0.000E+00
  0.000E+00  1.900E-05  0.000E+00
  0.000E+00  2.040E-04  0.000E+00
  0.000E+00  1.750E-05  0.000E+00
  0.000E+00  1.900E-05  0.000E+00
  0.000E+00  4.000E-04  0.000E+00
 CLOUD COVER RATE OF SUBLAYER
  0.000E+00
 GAS CONCENTRATIONS PPMV
  1.274E+00  3.194E+02  6.909E-01  3.922E-04  1.956E+00  1.493E-01  1.989E+05
    85.0  4.452E-06  161.70 : Z P T
 PARTICLE PARAMETERS
  0.000E+00  8.000E-04  0.000E+00
  0.000E+00  2.000E-03  0.000E+00
  0.000E+00  6.000E-04  0.000E+00
  0.000E+00  5.000E-06  0.000E+00
  0.000E+00  6.000E-05  0.000E+00
  0.000E+00  2.000E-05  0.000E+00
  0.000E+00  1.900E-05  0.000E+00
  0.000E+00  2.040E-04  0.000E+00
  0.000E+00  1.750E-05  0.000E+00
  0.000E+00  1.900E-05  0.000E+00
  0.000E+00  4.000E-04  0.000E+00
 CLOUD COVER RATE OF SUBLAYER
  0.000E+00
 GAS CONCENTRATIONS PPMV
  1.391E+00  3.208E+02  6.006E-01  4.039E-04  1.699E+00  1.503E-01  2.011E+05
    84.0  5.454E-06  162.73 : Z P T
 PARTICLE PARAMETERS
  0.000E+00  8.000E-04  0.000E+00
  0.000E+00  2.000E-03  0.000E+00
  0.000E+00  6.000E-04  0.000E+00
  0.000E+00  5.000E-06  0.000E+00
  0.000E+00  6.000E-05  0.000E+00
  0.000E+00  2.000E-05  0.000E+00
  0.000E+00  1.900E-05  0.000E+00
  0.000E+00  2.040E-04  0.000E+00
  0.000E+00  1.750E-05  0.000E+00
  0.000E+00  1.900E-05  0.000E+00
  0.000E+00  4.000E-04  0.000E+00
 CLOUD COVER RATE OF SUBLAYER
  0.000E+00
 GAS CONCENTRATIONS PPMV
  1.516E+00  3.224E+02  4.977E-01  4.161E-04  1.461E+00  1.508E-01  2.033E+05
    83.0  6.684E-06  163.96 : Z P T
 PARTICLE PARAMETERS
  0.000E+00  8.000E-04  0.000E+00
  0.000E+00  2.000E-03  0.000E+00
  0.000E+00  6.000E-04  0.000E+00
  0.000E+00  5.000E-06  0.000E+00
  0.000E+00  6.000E-05  0.000E+00
  0.000E+00  2.000E-05  0.000E+00
  0.000E+00  1.900E-05  0.000E+00
  0.000E+00  2.040E-04  0.000E+00
  0.000E+00  1.750E-05  0.000E+00
  0.000E+00  1.900E-05  0.000E+00
  0.000E+00  4.000E-04  0.000E+00
 CLOUD COVER RATE OF SUBLAYER
  0.000E+00
 GAS CONCENTRATIONS PPMV
  1.648E+00  3.241E+02  3.918E-01  4.290E-04  1.242E+00  1.508E-01  2.053E+05
    82.0  8.202E-06  165.56 : Z P T
 PARTICLE PARAMETERS
  0.000E+00  8.000E-04  0.000E+00
  0.000E+00  2.000E-03  0.000E+00
  0.000E+00  6.000E-04  0.000E+00
  0.000E+00  5.000E-06  0.000E+00
  0.000E+00  6.000E-05  0.000E+00
  0.000E+00  2.000E-05  0.000E+00
  0.000E+00  1.900E-05  0.000E+00
  0.000E+00  2.040E-04  0.000E+00
  0.000E+00  1.750E-05  0.000E+00
  0.000E+00  1.900E-05  0.000E+00
  0.000E+00  4.000E-04  0.000E+00
 CLOUD COVER RATE OF SUBLAYER
  0.000E+00
 GAS CONCENTRATIONS PPMV
  1.786E+00  3.258E+02  2.937E-01  4.427E-04  1.044E+00  1.505E-01  2.071E+05
    81.0  1.007E-05  167.72 : Z P T
 PARTICLE PARAMETERS
  0.000E+00  8.000E-04  0.000E+00
  0.000E+00  2.000E-03  0.000E+00
  0.000E+00  6.000E-04  0.000E+00
  0.000E+00  5.000E-06  0.000E+00
  0.000E+00  6.000E-05  0.000E+00
  0.000E+00  2.000E-05  0.000E+00
  0.000E+00  1.900E-05  0.000E+00
  0.000E+00  2.040E-04  0.000E+00
  0.000E+00  1.750E-05  0.000E+00
  0.000E+00  1.900E-05  0.000E+00
  0.000E+00  4.000E-04  0.000E+00
 CLOUD COVER RATE OF SUBLAYER
  0.000E+00
 GAS CONCENTRATIONS PPMV
  1.928E+00  3.273E+02  2.139E-01  4.573E-04  8.704E-01  1.502E-01  2.084E+05
    80.0  1.234E-05  170.60 : Z P T
 PARTICLE PARAMETERS
  0.000E+00  8.000E-04  0.000E+00
  0.000E+00  2.000E-03  0.000E+00
  0.000E+00  6.000E-04  0.000E+00
  0.000E+00  5.000E-06  0.000E+00
  0.000E+00  6.000E-05  0.000E+00
  0.000E+00  2.000E-05  0.000E+00
  0.000E+00  1.900E-05  0.000E+00
  0.000E+00  2.040E-04  0.000E+00
  0.000E+00  1.750E-05  0.000E+00
  0.000E+00  1.900E-05  0.000E+00
  0.000E+00  4.000E-04  0.000E+00
 CLOUD COVER RATE OF SUBLAYER
  0.000E+00
 GAS CONCENTRATIONS PPMV
  2.073E+00  3.285E+02  1.618E-01  4.730E-04  7.211E-01  1.499E-01  2.093E+05
    79.0  1.508E-05  174.31 : Z P T
 PARTICLE PARAMETERS
  0.000E+00  8.000E-04  0.000E+00
  0.000E+00  2.000E-03  0.000E+00
  0.000E+00  6.000E-04  0.000E+00
  0.000E+00  5.000E-06  0.000E+00
  0.000E+00  6.000E-05  0.000E+00
  0.000E+00  2.000E-05  0.000E+00
  0.000E+00  1.900E-05  0.000E+00
  0.000E+00  2.040E-04  0.000E+00
  0.000E+00  1.750E-05  0.000E+00
  0.000E+00  1.900E-05  0.000E+00
  0.000E+00  4.000E-04  0.000E+00
 CLOUD COVER RATE OF SUBLAYER
  0.000E+00
 GAS CONCENTRATIONS PPMV
  2.218E+00  3.292E+02  1.391E-01  4.896E-04  5.958E-01  1.498E-01  2.097E+05
    78.0  1.833E-05  178.69 : Z P T
 PARTICLE PARAMETERS
  0.000E+00  8.000E-04  0.000E+00
  0.000E+00  2.000E-03  0.000E+00
  0.000E+00  6.000E-04  0.000E+00
  0.000E+00  5.000E-06  0.000E+00
  0.000E+00  6.000E-05  0.000E+00
  0.000E+00  2.000E-05  0.000E+00
  0.000E+00  1.900E-05  0.000E+00
  0.000E+00  2.040E-04  0.000E+00
  0.000E+00  1.750E-05  0.000E+00
  0.000E+00  1.900E-05  0.000E+00
  0.000E+00  4.000E-04  0.000E+00
 CLOUD COVER RATE OF SUBLAYER
  0.000E+00
 GAS CONCENTRATIONS PPMV
  2.362E+00  3.297E+02  1.401E-01  5.071E-04  4.919E-01  1.498E-01  2.096E+05
    77.0  2.213E-05  183.51 : Z P T
 PARTICLE PARAMETERS
  0.000E+00  8.000E-04  0.000E+00
  0.000E+00  2.000E-03  0.000E+00
  0.000E+00  6.000E-04  0.000E+00
  0.000E+00  5.000E-06  0.000E+00
  0.000E+00  6.000E-05  0.000E+00
  0.000E+00  2.000E-05  0.000E+00
  0.000E+00  1.900E-05  0.000E+00
  0.000E+00  2.040E-04  0.000E+00
  0.000E+00  1.750E-05  0.000E+00
  0.000E+00  1.900E-05  0.000E+00
  0.000E+00  4.000E-04  0.000E+00
 CLOUD COVER RATE OF SUBLAYER
  0.000E+00
 GAS CONCENTRATIONS PPMV
  2.501E+00  3.299E+02  1.578E-01  5.254E-04  4.061E-01  1.499E-01  2.094E+05
    76.0  2.654E-05  188.56 : Z P T
 PARTICLE PARAMETERS
  0.000E+00  8.000E-04  0.000E+00
  0.000E+00  2.000E-03  0.000E+00
  0.000E+00  6.000E-04  0.000E+00
  0.000E+00  5.000E-06  0.000E+00
  0.000E+00  6.000E-05  0.000E+00
  0.000E+00  2.000E-05  0.000E+00
  0.000E+00  1.900E-05  0.000E+00
  0.000E+00  2.040E-04  0.000E+00
  0.000E+00  1.750E-05  0.000E+00
  0.000E+00  1.900E-05  0.000E+00
  0.000E+00  4.000E-04  0.000E+00
 CLOUD COVER RATE OF SUBLAYER
  0.000E+00
 GAS CONCENTRATIONS PPMV
  2.635E+00  3.300E+02  1.849E-01  5.442E-04  3.354E-01  1.500E-01  2.091E+05
    75.0  3.159E-05  193.60 : Z P T
 PARTICLE PARAMETERS
  0.000E+00  8.000E-04  0.000E+00
  0.000E+00  2.000E-03  0.000E+00
  0.000E+00  6.000E-04  0.000E+00
  0.000E+00  5.000E-06  0.000E+00
  0.000E+00  6.000E-05  0.000E+00
  0.000E+00  2.000E-05  0.000E+00
  0.000E+00  1.900E-05  0.000E+00
  0.000E+00  2.040E-04  0.000E+00
  0.000E+00  1.750E-05  0.000E+00
  0.000E+00  1.900E-05  0.000E+00
  0.000E+00  4.000E-04  0.000E+00
 CLOUD COVER RATE OF SUBLAYER
  0.000E+00
 GAS CONCENTRATIONS PPMV
  2.761E+00  3.300E+02  2.153E-01  5.637E-04  2.765E-01  1.500E-01  2.089E+05
    74.0  3.735E-05  198.46 : Z P T
 PARTICLE PARAMETERS
  0.000E+00  8.000E-04  0.000E+00
  0.000E+00  2.000E-03  0.000E+00
  0.000E+00  6.000E-04  0.000E+00
  0.000E+00  5.000E-06  0.000E+00
  0.000E+00  6.000E-05  0.000E+00
  0.000E+00  2.000E-05  0.000E+00
  0.000E+00  1.900E-05  0.000E+00
  0.000E+00  2.040E-04  0.000E+00
  0.000E+00  1.750E-05  0.000E+00
  0.000E+00  1.900E-05  0.000E+00
  0.000E+00  4.000E-04  0.000E+00
 CLOUD COVER RATE OF SUBLAYER
  0.000E+00
 GAS CONCENTRATIONS PPMV
  2.880E+00  3.300E+02  2.468E-01  5.840E-04  2.276E-01  1.501E-01  2.088E+05
    73.0  4.394E-05  203.13 : Z P T
 PARTICLE PARAMETERS
  0.000E+00  8.000E-04  0.000E+00
  0.000E+00  2.000E-03  0.000E+00
  0.000E+00  6.000E-04  0.000E+00
  0.000E+00  5.000E-06  0.000E+00
  0.000E+00  6.000E-05  0.000E+00
  0.000E+00  2.000E-05  0.000E+00
  0.000E+00  1.900E-05  0.000E+00
  0.000E+00  2.040E-04  0.000E+00
  0.000E+00  1.750E-05  0.000E+00
  0.000E+00  1.900E-05  0.000E+00
  0.000E+00  4.000E-04  0.000E+00
 CLOUD COVER RATE OF SUBLAYER
  0.000E+00
 GAS CONCENTRATIONS PPMV
  2.996E+00  3.300E+02  2.816E-01  6.063E-04  1.874E-01  1.501E-01  2.088E+05
    72.0  5.150E-05  207.68 : Z P T
 PARTICLE PARAMETERS
  0.000E+00  8.000E-04  0.000E+00
  0.000E+00  2.000E-03  0.000E+00
  0.000E+00  6.000E-04  0.000E+00
  0.000E+00  5.000E-06  0.000E+00
  0.000E+00  6.000E-05  0.000E+00
  0.000E+00  2.000E-05  0.000E+00
  0.000E+00  1.900E-05  0.000E+00
  0.000E+00  2.040E-04  0.000E+00
  0.000E+00  1.750E-05  0.000E+00
  0.000E+00  1.900E-05  0.000E+00
  0.000E+00  4.000E-04  0.000E+00
 CLOUD COVER RATE OF SUBLAYER
  0.000E+00
 GAS CONCENTRATIONS PPMV
  3.114E+00  3.300E+02  3.225E-01  6.313E-04  1.549E-01  1.500E-01  2.089E+05
    71.0  6.017E-05  212.16 : Z P T
 PARTICLE PARAMETERS
  0.000E+00  8.000E-04  0.000E+00
  0.000E+00  2.000E-03  0.000E+00
  0.000E+00  6.000E-04  0.000E+00
  0.000E+00  5.000E-06  0.000E+00
  0.000E+00  6.000E-05  0.000E+00
  0.000E+00  2.000E-05  0.000E+00
  0.000E+00  1.900E-05  0.000E+00
  0.000E+00  2.040E-04  0.000E+00
  0.000E+00  1.750E-05  0.000E+00
  0.000E+00  1.900E-05  0.000E+00
  0.000E+00  4.000E-04  0.000E+00
 CLOUD COVER RATE OF SUBLAYER
  0.000E+00
 GAS CONCENTRATIONS PPMV
  3.237E+00  3.300E+02  3.724E-01  6.601E-04  1.290E-01  1.500E-01  2.090E+05
    70.0  7.009E-05  216.60 : Z P T
 PARTICLE PARAMETERS
  0.000E+00  8.000E-04  0.000E+00
  0.000E+00  2.000E-03  0.000E+00
  0.000E+00  6.000E-04  0.000E+00
  0.000E+00  5.000E-06  0.000E+00
  0.000E+00  6.000E-05  0.000E+00
  0.000E+00  2.000E-05  0.000E+00
  0.000E+00  1.900E-05  0.000E+00
  0.000E+00  2.040E-04  0.000E+00
  0.000E+00  1.750E-05  0.000E+00
  0.000E+00  1.900E-05  0.000E+00
  0.000E+00  4.000E-04  0.000E+00
 CLOUD COVER RATE OF SUBLAYER
  0.000E+00
 GAS CONCENTRATIONS PPMV
  3.369E+00  3.300E+02  4.338E-01  6.935E-04  1.088E-01  1.500E-01  2.090E+05
    69.0  8.141E-05  221.06 : Z P T
 PARTICLE PARAMETERS
  0.000E+00  8.000E-04  0.000E+00
  0.000E+00  2.000E-03  0.000E+00
  0.000E+00  6.000E-04  0.000E+00
  0.000E+00  5.000E-06  0.000E+00
  0.000E+00  6.000E-05  0.000E+00
  0.000E+00  2.000E-05  0.000E+00
  0.000E+00  1.900E-05  0.000E+00
  0.000E+00  2.040E-04  0.000E+00
  0.000E+00  1.750E-05  0.000E+00
  0.000E+00  1.900E-05  0.000E+00
  0.000E+00  4.000E-04  0.000E+00
 CLOUD COVER RATE OF SUBLAYER
  0.000E+00
 GAS CONCENTRATIONS PPMV
  3.509E+00  3.300E+02  5.063E-01  7.314E-04  9.334E-02  1.500E-01  2.090E+05
    68.0  9.435E-05  225.58 : Z P T
 PARTICLE PARAMETERS
  0.000E+00  8.000E-04  0.000E+00
  0.000E+00  2.000E-03  0.000E+00
  0.000E+00  6.000E-04  0.000E+00
  0.000E+00  5.000E-06  0.000E+00
  0.000E+00  6.000E-05  0.000E+00
  0.000E+00  2.000E-05  0.000E+00
  0.000E+00  1.900E-05  0.000E+00
  0.000E+00  2.040E-04  0.000E+00
  0.000E+00  1.750E-05  0.000E+00
  0.000E+00  1.900E-05  0.000E+00
  0.000E+00  4.000E-04  0.000E+00
 CLOUD COVER RATE OF SUBLAYER
  0.000E+00
 GAS CONCENTRATIONS PPMV
  3.654E+00  3.300E+02  5.868E-01  7.731E-04  8.173E-02  1.500E-01  2.090E+05
    67.0  1.091E-04  230.17 : Z P T
 PARTICLE PARAMETERS
  0.000E+00  8.000E-04  0.000E+00
  0.000E+00  2.000E-03  0.000E+00
  0.000E+00  6.000E-04  0.000E+00
  0.000E+00  5.000E-06  0.000E+00
  0.000E+00  6.000E-05  0.000E+00
  0.000E+00  2.000E-05  0.000E+00
  0.000E+00  1.900E-05  0.000E+00
  0.000E+00  2.040E-04  0.000E+00
  0.000E+00  1.750E-05  0.000E+00
  0.000E+00  1.900E-05  0.000E+00
  0.000E+00  4.000E-04  0.000E+00
 CLOUD COVER RATE OF SUBLAYER
  0.000E+00
 GAS CONCENTRATIONS PPMV
  3.797E+00  3.300E+02  6.717E-01  8.174E-04  7.310E-02  1.500E-01  2.090E+05
    66.0  1.260E-04  234.87 : Z P T
 PARTICLE PARAMETERS
  0.000E+00  8.000E-04  0.000E+00
  0.000E+00  2.000E-03  0.000E+00
  0.000E+00  6.000E-04  0.000E+00
  0.000E+00  5.000E-06  0.000E+00
  0.000E+00  6.000E-05  0.000E+00
  0.000E+00  2.000E-05  0.000E+00
  0.000E+00  1.900E-05  0.000E+00
  0.000E+00  2.040E-04  0.000E+00
  0.000E+00  1.750E-05  0.000E+00
  0.000E+00  1.900E-05  0.000E+00
  0.000E+00  4.000E-04  0.000E+00
 CLOUD COVER RATE OF SUBLAYER
  0.000E+00
 GAS CONCENTRATIONS PPMV
  3.934E+00  3.300E+02  7.574E-01  8.633E-04  6.659E-02  1.500E-01  2.090E+05
    65.0  1.451E-04  239.70 : Z P T
 PARTICLE PARAMETERS
  0.000E+00  8.000E-04  0.000E+00
  0.000E+00  2.000E-03  0.000E+00
  0.000E+00  6.000E-04  0.000E+00
  0.000E+00  5.000E-06  0.000E+00
  0.000E+00  6.000E-05  0.000E+00
  0.000E+00  2.000E-05  0.000E+00
  0.000E+00  1.900E-05  0.000E+00
  0.000E+00  2.040E-04  0.000E+00
  0.000E+00  1.750E-05  0.000E+00
  0.000E+00  1.900E-05  0.000E+00
  0.000E+00  4.000E-04  0.000E+00
 CLOUD COVER RATE OF SUBLAYER
  0.000E+00
 GAS CONCENTRATIONS PPMV
  4.059E+00  3.300E+02  8.407E-01  9.104E-04  6.138E-02  1.500E-01  2.090E+05
    64.0  1.668E-04  244.65 : Z P T
 PARTICLE PARAMETERS
  0.000E+00  8.000E-04  0.000E+00
  0.000E+00  2.000E-03  0.000E+00
  0.000E+00  6.000E-04  0.000E+00
  0.000E+00  5.000E-06  0.000E+00
  0.000E+00  6.000E-05  0.000E+00
  0.000E+00  2.000E-05  0.000E+00
  0.000E+00  1.900E-05  0.000E+00
  0.000E+00  2.040E-04  0.000E+00
  0.000E+00  1.750E-05  0.000E+00
  0.000E+00  1.900E-05  0.000E+00
  0.000E+00  4.000E-04  0.000E+00
 CLOUD COVER RATE OF SUBLAYER
  0.000E+00
 GAS CONCENTRATIONS PPMV
  4.172E+00  3.300E+02  9.209E-01  9.603E-04  5.700E-02  1.500E-01  2.090E+05
    63.0  1.912E-04  249.60 : Z P T
 PARTICLE PARAMETERS
  0.000E+00  8.000E-04  0.000E+00
  0.000E+00  2.000E-03  0.000E+00
  0.000E+00  6.000E-04  0.000E+00
  0.000E+00  5.000E-06  0.000E+00
  0.000E+00  6.000E-05  0.000E+00
  0.000E+00  2.000E-05  0.000E+00
  0.000E+00  1.900E-05  0.000E+00
  0.000E+00  2.040E-04  0.000E+00
  0.000E+00  1.750E-05  0.000E+00
  0.000E+00  1.900E-05  0.000E+00
  0.000E+00  4.000E-04  0.000E+00
 CLOUD COVER RATE OF SUBLAYER
  0.000E+00
 GAS CONCENTRATIONS PPMV
  4.274E+00  3.300E+02  9.993E-01  1.017E-03  5.325E-02  1.500E-01  2.090E+05
    62.0  2.188E-04  254.37 : Z P T
 PARTICLE PARAMETERS
  0.000E+00  8.000E-04  0.000E+00
  0.000E+00  2.000E-03  0.000E+00
  0.000E+00  6.000E-04  0.000E+00
  0.000E+00  5.000E-06  0.000E+00
  0.000E+00  6.000E-05  0.000E+00
  0.000E+00  2.000E-05  0.000E+00
  0.000E+00  1.900E-05  0.000E+00
  0.000E+00  2.040E-04  0.000E+00
  0.000E+00  1.750E-05  0.000E+00
  0.000E+00  1.900E-05  0.000E+00
  0.000E+00  4.000E-04  0.000E+00
 CLOUD COVER RATE OF SUBLAYER
  0.000E+00
 GAS CONCENTRATIONS PPMV
  4.368E+00  3.300E+02  1.078E+00  1.085E-03  5.002E-02  1.500E-01  2.090E+05
    61.0  2.497E-04  258.79 : Z P T
 PARTICLE PARAMETERS
  0.000E+00  8.000E-04  0.000E+00
  0.000E+00  2.000E-03  0.000E+00
  0.000E+00  6.000E-04  0.000E+00
  0.000E+00  5.000E-06  0.000E+00
  0.000E+00  6.000E-05  0.000E+00
  0.000E+00  2.000E-05  0.000E+00
  0.000E+00  1.900E-05  0.000E+00
  0.000E+00  2.040E-04  0.000E+00
  0.000E+00  1.750E-05  0.000E+00
  0.000E+00  1.900E-05  0.000E+00
  0.000E+00  4.000E-04  0.000E+00
 CLOUD COVER RATE OF SUBLAYER
  0.000E+00
 GAS CONCENTRATIONS PPMV
  4.457E+00  3.300E+02  1.159E+00  1.168E-03  4.721E-02  1.500E-01  2.090E+05
    60.0  2.843E-04  262.70 : Z P T
 PARTICLE PARAMETERS
  0.000E+00  8.000E-04  0.000E+00
  0.000E+00  2.000E-03  0.000E+00
  0.000E+00  6.000E-04  0.000E+00
  0.000E+00  5.000E-06  0.000E+00
  0.000E+00  6.000E-05  0.000E+00
  0.000E+00  2.000E-05  0.000E+00
  0.000E+00  1.900E-05  0.000E+00
  0.000E+00  2.040E-04  0.000E+00
  0.000E+00  1.750E-05  0.000E+00
  0.000E+00  1.900E-05  0.000E+00
  0.000E+00  4.000E-04  0.000E+00
 CLOUD COVER RATE OF SUBLAYER
  0.000E+00
 GAS CONCENTRATIONS PPMV
  4.542E+00  3.300E+02  1.244E+00  1.270E-03  4.470E-02  1.500E-01  2.090E+05
    59.0  3.229E-04  265.97 : Z P T
 PARTICLE PARAMETERS
  0.000E+00  8.000E-04  0.000E+00
  0.000E+00  2.000E-03  0.000E+00
  0.000E+00  6.000E-04  0.000E+00
  0.000E+00  5.000E-06  0.000E+00
  0.000E+00  6.000E-05  0.000E+00
  0.000E+00  2.000E-05  0.000E+00
  0.000E+00  1.900E-05  0.000E+00
  0.000E+00  2.040E-04  0.000E+00
  0.000E+00  1.750E-05  0.000E+00
  0.000E+00  1.900E-05  0.000E+00
  0.000E+00  4.000E-04  0.000E+00
 CLOUD COVER RATE OF SUBLAYER
  0.000E+00
 GAS CONCENTRATIONS PPMV
  4.625E+00  3.300E+02  1.334E+00  1.387E-03  4.244E-02  1.500E-01  2.090E+05
    58.0  3.661E-04  268.65 : Z P T
 PARTICLE PARAMETERS
  0.000E+00  8.000E-04  0.000E+00
  0.000E+00  2.000E-03  0.000E+00
  0.000E+00  6.000E-04  0.000E+00
  0.000E+00  5.000E-06  0.000E+00
  0.000E+00  6.000E-05  0.000E+00
  0.000E+00  2.000E-05  0.000E+00
  0.000E+00  1.900E-05  0.000E+00
  0.000E+00  2.040E-04  0.000E+00
  0.000E+00  1.750E-05  0.000E+00
  0.000E+00  1.900E-05  0.000E+00
  0.000E+00  4.000E-04  0.000E+00
 CLOUD COVER RATE OF SUBLAYER
  0.000E+00
 GAS CONCENTRATIONS PPMV
  4.702E+00  3.300E+02  1.430E+00  1.509E-03  4.043E-02  1.500E-01  2.090E+05
    57.0  4.146E-04  270.82 : Z P T
 PARTICLE PARAMETERS
  0.000E+00  8.000E-04  0.000E+00
  0.000E+00  2.000E-03  0.000E+00
  0.000E+00  6.000E-04  0.000E+00
  0.000E+00  5.000E-06  0.000E+00
  0.000E+00  6.000E-05  0.000E+00
  0.000E+00  2.000E-05  0.000E+00
  0.000E+00  1.900E-05  0.000E+00
  0.000E+00  2.040E-04  0.000E+00
  0.000E+00  1.750E-05  0.000E+00
  0.000E+00  1.900E-05  0.000E+00
  0.000E+00  4.000E-04  0.000E+00
 CLOUD COVER RATE OF SUBLAYER
  0.000E+00
 GAS CONCENTRATIONS PPMV
  4.770E+00  3.300E+02  1.533E+00  1.624E-03  3.867E-02  1.500E-01  2.090E+05
    56.0  4.691E-04  272.58 : Z P T
 PARTICLE PARAMETERS
  0.000E+00  8.000E-04  0.000E+00
  0.000E+00  2.000E-03  0.000E+00
  0.000E+00  6.000E-04  0.000E+00
  0.000E+00  5.000E-06  0.000E+00
  0.000E+00  6.000E-05  0.000E+00
  0.000E+00  2.000E-05  0.000E+00
  0.000E+00  1.900E-05  0.000E+00
  0.000E+00  2.040E-04  0.000E+00
  0.000E+00  1.750E-05  0.000E+00
  0.000E+00  1.900E-05  0.000E+00
  0.000E+00  4.000E-04  0.000E+00
 CLOUD COVER RATE OF SUBLAYER
  0.000E+00
 GAS CONCENTRATIONS PPMV
  4.825E+00  3.300E+02  1.643E+00  1.722E-03  3.718E-02  1.500E-01  2.090E+05
    55.0  5.301E-04  274.00 : Z P T
 PARTICLE PARAMETERS
  0.000E+00  8.000E-04  0.000E+00
  0.000E+00  2.000E-03  0.000E+00
  0.000E+00  6.000E-04  0.000E+00
  0.000E+00  5.000E-06  0.000E+00
  0.000E+00  6.000E-05  0.000E+00
  0.000E+00  2.000E-05  0.000E+00
  0.000E+00  1.900E-05  0.000E+00
  0.000E+00  2.040E-04  0.000E+00
  0.000E+00  1.750E-05  0.000E+00
  0.000E+00  1.900E-05  0.000E+00
  0.000E+00  4.000E-04  0.000E+00
 CLOUD COVER RATE OF SUBLAYER
  0.000E+00
 GAS CONCENTRATIONS PPMV
  4.867E+00  3.300E+02  1.761E+00  1.796E-03  3.595E-02  1.500E-01  2.090E+05
    54.0  5.986E-04  275.16 : Z P T
 PARTICLE PARAMETERS
  0.000E+00  8.000E-04  0.000E+00
  0.000E+00  2.000E-03  0.000E+00
  0.000E+00  6.000E-04  0.000E+00
  0.000E+00  5.000E-06  0.000E+00
  0.000E+00  6.000E-05  0.000E+00
  0.000E+00  2.000E-05  0.000E+00
  0.000E+00  1.900E-05  0.000E+00
  0.000E+00  2.040E-04  0.000E+00
  0.000E+00  1.750E-05  0.000E+00
  0.000E+00  1.900E-05  0.000E+00
  0.000E+00  4.000E-04  0.000E+00
 CLOUD COVER RATE OF SUBLAYER
  0.000E+00
 GAS CONCENTRATIONS PPMV
  4.895E+00  3.300E+02  1.891E+00  1.867E-03  3.495E-02  1.505E-01  2.090E+05
    53.0  6.758E-04  276.07 : Z P T
 PARTICLE PARAMETERS
  0.000E+00  8.000E-04  0.000E+00
  0.000E+00  2.000E-03  0.000E+00
  0.000E+00  6.000E-04  0.000E+00
  0.000E+00  5.000E-06  0.000E+00
  0.000E+00  6.000E-05  0.000E+00
  0.000E+00  2.000E-05  0.000E+00
  0.000E+00  1.900E-05  0.000E+00
  0.000E+00  2.040E-04  0.000E+00
  0.000E+00  1.750E-05  0.000E+00
  0.000E+00  1.900E-05  0.000E+00
  0.000E+00  4.000E-04  0.000E+00
 CLOUD COVER RATE OF SUBLAYER
  0.000E+00
 GAS CONCENTRATIONS PPMV
  4.913E+00  3.300E+02  2.036E+00  1.983E-03  3.411E-02  1.521E-01  2.090E+05
    52.0  7.632E-04  276.72 : Z P T
 PARTICLE PARAMETERS
  0.000E+00  8.000E-04  0.000E+00
  0.000E+00  2.000E-03  0.000E+00
  0.000E+00  6.000E-04  0.000E+00
  0.000E+00  5.000E-06  0.000E+00
  0.000E+00  6.000E-05  0.000E+00
  0.000E+00  2.000E-05  0.000E+00
  0.000E+00  1.900E-05  0.000E+00
  0.000E+00  2.040E-04  0.000E+00
  0.000E+00  1.750E-05  0.000E+00
  0.000E+00  1.900E-05  0.000E+00
  0.000E+00  4.000E-04  0.000E+00
 CLOUD COVER RATE OF SUBLAYER
  0.000E+00
 GAS CONCENTRATIONS PPMV
  4.927E+00  3.300E+02  2.203E+00  2.198E-03  3.335E-02  1.557E-01  2.090E+05
    51.0  8.622E-04  277.10 : Z P T
 PARTICLE PARAMETERS
  0.000E+00  8.000E-04  0.000E+00
  0.000E+00  2.000E-03  0.000E+00
  0.000E+00  6.000E-04  0.000E+00
  0.000E+00  5.000E-06  0.000E+00
  0.000E+00  6.000E-05  0.000E+00
  0.000E+00  2.000E-05  0.000E+00
  0.000E+00  1.900E-05  0.000E+00
  0.000E+00  2.040E-04  0.000E+00
  0.000E+00  1.750E-05  0.000E+00
  0.000E+00  1.900E-05  0.000E+00
  0.000E+00  4.000E-04  0.000E+00
 CLOUD COVER RATE OF SUBLAYER
  0.000E+00
 GAS CONCENTRATIONS PPMV
  4.942E+00  3.300E+02  2.396E+00  2.566E-03  3.259E-02  1.620E-01  2.090E+05
    50.0  9.743E-04  277.20 : Z P T
 PARTICLE PARAMETERS
  0.000E+00  8.000E-04  0.000E+00
  0.000E+00  2.000E-03  0.000E+00
  0.000E+00  6.000E-04  0.000E+00
  0.000E+00  5.000E-06  0.000E+00
  0.000E+00  6.000E-05  0.000E+00
  0.000E+00  2.000E-05  0.000E+00
  0.000E+00  1.900E-05  0.000E+00
  0.000E+00  2.040E-04  0.000E+00
  0.000E+00  1.750E-05  0.000E+00
  0.000E+00  1.900E-05  0.000E+00
  0.000E+00  4.000E-04  0.000E+00
 CLOUD COVER RATE OF SUBLAYER
  0.000E+00
 GAS CONCENTRATIONS PPMV
  4.961E+00  3.300E+02  2.622E+00  3.124E-03  3.176E-02  1.718E-01  2.090E+05
    49.0  1.101E-03  277.02 : Z P T
 PARTICLE PARAMETERS
  0.000E+00  8.000E-04  0.000E+00
  0.000E+00  2.000E-03  0.000E+00
  0.000E+00  6.000E-04  0.000E+00
  0.000E+00  5.000E-06  0.000E+00
  0.000E+00  6.000E-05  0.000E+00
  0.000E+00  2.000E-05  0.000E+00
  0.000E+00  1.900E-05  0.000E+00
  0.000E+00  2.040E-04  0.000E+00
  0.000E+00  1.750E-05  0.000E+00
  0.000E+00  1.900E-05  0.000E+00
  0.000E+00  4.000E-04  0.000E+00
 CLOUD COVER RATE OF SUBLAYER
  0.000E+00
 GAS CONCENTRATIONS PPMV
  4.982E+00  3.300E+02  2.889E+00  3.825E-03  3.088E-02  1.848E-01  2.090E+05
    48.0  1.244E-03  276.54 : Z P T
 PARTICLE PARAMETERS
  0.000E+00  8.000E-04  0.000E+00
  0.000E+00  2.000E-03  0.000E+00
  0.000E+00  6.000E-04  0.000E+00
  0.000E+00  5.000E-06  0.000E+00
  0.000E+00  6.000E-05  0.000E+00
  0.000E+00  2.000E-05  0.000E+00
  0.000E+00  1.900E-05  0.000E+00
  0.000E+00  2.040E-04  0.000E+00
  0.000E+00  1.750E-05  0.000E+00
  0.000E+00  1.900E-05  0.000E+00
  0.000E+00  4.000E-04  0.000E+00
 CLOUD COVER RATE OF SUBLAYER
  0.000E+00
 GAS CONCENTRATIONS PPMV
  4.998E+00  3.300E+02  3.208E+00  4.545E-03  3.000E-02  2.002E-01  2.090E+05
    47.0  1.406E-03  275.78 : Z P T
 PARTICLE PARAMETERS
  0.000E+00  8.000E-04  0.000E+00
  0.000E+00  2.000E-03  0.000E+00
  0.000E+00  6.000E-04  0.000E+00
  0.000E+00  5.000E-06  0.000E+00
  0.000E+00  6.000E-05  0.000E+00
  0.000E+00  2.000E-05  0.000E+00
  0.000E+00  1.900E-05  0.000E+00
  0.000E+00  2.040E-04  0.000E+00
  0.000E+00  1.750E-05  0.000E+00
  0.000E+00  1.900E-05  0.000E+00
  0.000E+00  4.000E-04  0.000E+00
 CLOUD COVER RATE OF SUBLAYER
  0.000E+00
 GAS CONCENTRATIONS PPMV
  5.004E+00  3.300E+02  3.580E+00  5.216E-03  2.919E-02  2.170E-01  2.090E+05
    46.0  1.589E-03  274.78 : Z P T
 PARTICLE PARAMETERS
  0.000E+00  8.000E-04  0.000E+00
  0.000E+00  2.000E-03  0.000E+00
  0.000E+00  6.000E-04  0.000E+00
  0.000E+00  5.000E-06  0.000E+00
  0.000E+00  6.000E-05  0.000E+00
  0.000E+00  2.000E-05  0.000E+00
  0.000E+00  1.900E-05  0.000E+00
  0.000E+00  2.040E-04  0.000E+00
  0.000E+00  1.750E-05  0.000E+00
  0.000E+00  1.900E-05  0.000E+00
  0.000E+00  4.000E-04  0.000E+00
 CLOUD COVER RATE OF SUBLAYER
  0.000E+00
 GAS CONCENTRATIONS PPMV
  5.002E+00  3.300E+02  3.990E+00  5.913E-03  2.845E-02  2.351E-01  2.090E+05
    45.0  1.797E-03  273.60 : Z P T
 PARTICLE PARAMETERS
  0.000E+00  8.000E-04  0.000E+00
  0.000E+00  2.000E-03  0.000E+00
  0.000E+00  6.000E-04  0.000E+00
  0.000E+00  5.000E-06  0.000E+00
  0.000E+00  6.000E-05  0.000E+00
  0.000E+00  2.000E-05  0.000E+00
  0.000E+00  1.900E-05  0.000E+00
  0.000E+00  2.040E-04  0.000E+00
  0.000E+00  1.750E-05  0.000E+00
  0.000E+00  1.900E-05  0.000E+00
  0.000E+00  4.000E-04  0.000E+00
 CLOUD COVER RATE OF SUBLAYER
  0.000E+00
 GAS CONCENTRATIONS PPMV
  4.999E+00  3.300E+02  4.415E+00  6.766E-03  2.775E-02  2.546E-01  2.090E+05
    44.0  2.033E-03  272.28 : Z P T
 PARTICLE PARAMETERS
  0.000E+00  8.000E-04  0.000E+00
  0.000E+00  2.000E-03  0.000E+00
  0.000E+00  6.000E-04  0.000E+00
  0.000E+00  5.000E-06  0.000E+00
  0.000E+00  6.000E-05  0.000E+00
  0.000E+00  2.000E-05  0.000E+00
  0.000E+00  1.900E-05  0.000E+00
  0.000E+00  2.040E-04  0.000E+00
  0.000E+00  1.750E-05  0.000E+00
  0.000E+00  1.900E-05  0.000E+00
  0.000E+00  4.000E-04  0.000E+00
 CLOUD COVER RATE OF SUBLAYER
  0.000E+00
 GAS CONCENTRATIONS PPMV
  4.999E+00  3.300E+02  4.874E+00  7.816E-03  2.710E-02  2.758E-01  2.090E+05
    43.0  2.301E-03  270.58 : Z P T
 PARTICLE PARAMETERS
  0.000E+00  8.000E-04  0.000E+00
  0.000E+00  2.000E-03  0.000E+00
  0.000E+00  6.000E-04  0.000E+00
  0.000E+00  5.000E-06  0.000E+00
  0.000E+00  6.000E-05  0.000E+00
  0.000E+00  2.000E-05  0.000E+00
  0.000E+00  1.900E-05  0.000E+00
  0.000E+00  2.040E-04  0.000E+00
  0.000E+00  1.750E-05  0.000E+00
  0.000E+00  1.900E-05  0.000E+00
  0.000E+00  4.000E-04  0.000E+00
 CLOUD COVER RATE OF SUBLAYER
  0.000E+00
 GAS CONCENTRATIONS PPMV
  5.000E+00  3.300E+02  5.416E+00  9.012E-03  2.647E-02  2.996E-01  2.090E+05
    42.0  2.605E-03  268.23 : Z P T
 PARTICLE PARAMETERS
  0.000E+00  8.000E-04  0.000E+00
  0.000E+00  2.000E-03  0.000E+00
  0.000E+00  6.000E-04  0.000E+00
  0.000E+00  5.000E-06  0.000E+00
  0.000E+00  6.000E-05  0.000E+00
  0.000E+00  2.000E-05  0.000E+00
  0.000E+00  1.900E-05  0.000E+00
  0.000E+00  2.040E-04  0.000E+00
  0.000E+00  1.750E-05  0.000E+00
  0.000E+00  1.900E-05  0.000E+00
  0.000E+00  4.000E-04  0.000E+00
 CLOUD COVER RATE OF SUBLAYER
  0.000E+00
 GAS CONCENTRATIONS PPMV
  5.000E+00  3.300E+02  6.051E+00  1.034E-02  2.586E-02  3.263E-01  2.090E+05
    41.0  2.954E-03  265.27 : Z P T
 PARTICLE PARAMETERS
  0.000E+00  8.000E-04  0.000E+00
  0.000E+00  2.000E-03  0.000E+00
  0.000E+00  6.000E-04  0.000E+00
  0.000E+00  5.000E-06  0.000E+00
  0.000E+00  6.000E-05  0.000E+00
  0.000E+00  2.000E-05  0.000E+00
  0.000E+00  1.900E-05  0.000E+00
  0.000E+00  2.040E-04  0.000E+00
  0.000E+00  1.750E-05  0.000E+00
  0.000E+00  1.900E-05  0.000E+00
  0.000E+00  4.000E-04  0.000E+00
 CLOUD COVER RATE OF SUBLAYER
  0.000E+00
 GAS CONCENTRATIONS PPMV
  5.000E+00  3.300E+02  6.693E+00  1.189E-02  2.526E-02  3.556E-01  2.090E+05
    40.0  3.356E-03  262.10 : Z P T
 PARTICLE PARAMETERS
  0.000E+00  8.000E-04  0.000E+00
  0.000E+00  2.000E-03  0.000E+00
  0.000E+00  6.000E-04  0.000E+00
  0.000E+00  5.000E-06  0.000E+00
  0.000E+00  6.000E-05  0.000E+00
  0.000E+00  2.000E-05  0.000E+00
  0.000E+00  1.900E-05  0.000E+00
  0.000E+00  2.040E-04  0.000E+00
  0.000E+00  1.750E-05  0.000E+00
  0.000E+00  1.900E-05  0.000E+00
  0.000E+00  4.000E-04  0.000E+00
 CLOUD COVER RATE OF SUBLAYER
  0.000E+00
 GAS CONCENTRATIONS PPMV
  5.000E+00  3.300E+02  7.224E+00  1.382E-02  2.466E-02  3.867E-01  2.090E+05
    39.0  3.823E-03  259.03 : Z P T
 PARTICLE PARAMETERS
  0.000E+00  8.000E-04  0.000E+00
  0.000E+00  2.000E-03  0.000E+00
  0.000E+00  6.000E-04  0.000E+00
  0.000E+00  5.000E-06  0.000E+00
  0.000E+00  6.000E-05  0.000E+00
  0.000E+00  2.000E-05  0.000E+00
  0.000E+00  1.900E-05  0.000E+00
  0.000E+00  2.040E-04  0.000E+00
  0.000E+00  1.750E-05  0.000E+00
  0.000E+00  1.900E-05  0.000E+00
  0.000E+00  4.000E-04  0.000E+00
 CLOUD COVER RATE OF SUBLAYER
  0.000E+00
 GAS CONCENTRATIONS PPMV
  5.000E+00  3.300E+02  7.584E+00  1.632E-02  2.404E-02  4.188E-01  2.090E+05
    38.0  4.361E-03  256.06 : Z P T
 PARTICLE PARAMETERS
  0.000E+00  8.000E-04  0.000E+00
  0.000E+00  2.000E-03  0.000E+00
  0.000E+00  6.000E-04  0.000E+00
  0.000E+00  5.000E-06  0.000E+00
  0.000E+00  6.000E-05  0.000E+00
  0.000E+00  2.000E-05  0.000E+00
  0.000E+00  1.900E-05  0.000E+00
  0.000E+00  2.040E-04  0.000E+00
  0.000E+00  1.750E-05  0.000E+00
  0.000E+00  1.900E-05  0.000E+00
  0.000E+00  4.000E-04  0.000E+00
 CLOUD COVER RATE OF SUBLAYER
  0.000E+00
 GAS CONCENTRATIONS PPMV
  5.000E+00  3.300E+02  7.782E+00  1.961E-02  2.343E-02  4.504E-01  2.090E+05
    37.0  4.978E-03  253.14 : Z P T
 PARTICLE PARAMETERS
  0.000E+00  8.000E-04  0.000E+00
  0.000E+00  2.000E-03  0.000E+00
  0.000E+00  6.000E-04  0.000E+00
  0.000E+00  5.000E-06  0.000E+00
  0.000E+00  6.000E-05  0.000E+00
  0.000E+00  2.000E-05  0.000E+00
  0.000E+00  1.900E-05  0.000E+00
  0.000E+00  2.040E-04  0.000E+00
  0.000E+00  1.750E-05  0.000E+00
  0.000E+00  1.900E-05  0.000E+00
  0.000E+00  4.000E-04  0.000E+00
 CLOUD COVER RATE OF SUBLAYER
  0.000E+00
 GAS CONCENTRATIONS PPMV
  5.000E+00  3.300E+02  7.836E+00  2.369E-02  2.281E-02  4.808E-01  2.090E+05
    36.0  5.691E-03  250.20 : Z P T
 PARTICLE PARAMETERS
  0.000E+00  8.000E-04  0.000E+00
  0.000E+00  2.000E-03  0.000E+00
  0.000E+00  6.000E-04  0.000E+00
  0.000E+00  5.000E-06  0.000E+00
  0.000E+00  6.000E-05  0.000E+00
  0.000E+00  2.000E-05  0.000E+00
  0.000E+00  1.900E-05  0.000E+00
  0.000E+00  2.040E-04  0.000E+00
  0.000E+00  1.750E-05  0.000E+00
  0.000E+00  1.900E-05  0.000E+00
  0.000E+00  4.000E-04  0.000E+00
 CLOUD COVER RATE OF SUBLAYER
  0.000E+00
 GAS CONCENTRATIONS PPMV
  5.000E+00  3.300E+02  7.764E+00  2.811E-02  2.216E-02  5.098E-01  2.090E+05
    35.0  6.525E-03  247.20 : Z P T
 PARTICLE PARAMETERS
  0.000E+00  8.000E-04  0.000E+00
  0.000E+00  2.000E-03  0.000E+00
  0.000E+00  6.000E-04  0.000E+00
  0.000E+00  5.000E-06  0.000E+00
  0.000E+00  6.000E-05  0.000E+00
  0.000E+00  2.000E-05  0.000E+00
  0.000E+00  1.900E-05  0.000E+00
  0.000E+00  2.040E-04  0.000E+00
  0.000E+00  1.750E-05  0.000E+00
  0.000E+00  1.900E-05  0.000E+00
  0.000E+00  4.000E-04  0.000E+00
 CLOUD COVER RATE OF SUBLAYER
  0.000E+00
 GAS CONCENTRATIONS PPMV
  4.999E+00  3.300E+02  7.584E+00  3.234E-02  2.147E-02  5.376E-01  2.090E+05
    34.0  7.505E-03  244.15 : Z P T
 PARTICLE PARAMETERS
  0.000E+00  8.000E-04  0.000E+00
  0.000E+00  2.000E-03  0.000E+00
  0.000E+00  6.000E-04  0.000E+00
  0.000E+00  5.000E-06  0.000E+00
  0.000E+00  6.000E-05  0.000E+00
  0.000E+00  2.000E-05  0.000E+00
  0.000E+00  1.900E-05  0.000E+00
  0.000E+00  2.040E-04  0.000E+00
  0.000E+00  1.750E-05  0.000E+00
  0.000E+00  1.900E-05  0.000E+00
  0.000E+00  4.000E-04  0.000E+00
 CLOUD COVER RATE OF SUBLAYER
  0.000E+00
 GAS CONCENTRATIONS PPMV
  4.999E+00  3.300E+02  7.295E+00  3.658E-02  2.073E-02  5.640E-01  2.090E+05
    33.0  8.645E-03  241.28 : Z P T
 PARTICLE PARAMETERS
  0.000E+00  8.000E-04  0.000E+00
  0.000E+00  2.000E-03  0.000E+00
  0.000E+00  6.000E-04  0.000E+00
  0.000E+00  5.000E-06  0.000E+00
  0.000E+00  6.000E-05  0.000E+00
  0.000E+00  2.000E-05  0.000E+00
  0.000E+00  1.900E-05  0.000E+00
  0.000E+00  2.040E-04  0.000E+00
  0.000E+00  1.750E-05  0.000E+00
  0.000E+00  1.900E-05  0.000E+00
  0.000E+00  4.000E-04  0.000E+00
 CLOUD COVER RATE OF SUBLAYER
  0.000E+00
 GAS CONCENTRATIONS PPMV
  5.000E+00  3.300E+02  6.884E+00  4.178E-02  1.997E-02  5.885E-01  2.090E+05
    32.0  9.959E-03  238.85 : Z P T
 PARTICLE PARAMETERS
  0.000E+00  8.000E-04  0.000E+00
  0.000E+00  2.000E-03  0.000E+00
  0.000E+00  6.000E-04  0.000E+00
  0.000E+00  5.000E-06  0.000E+00
  0.000E+00  6.000E-05  0.000E+00
  0.000E+00  2.000E-05  0.000E+00
  0.000E+00  1.900E-05  0.000E+00
  0.000E+00  2.040E-04  0.000E+00
  0.000E+00  1.750E-05  0.000E+00
  0.000E+00  1.900E-05  0.000E+00
  0.000E+00  4.000E-04  0.000E+00
 CLOUD COVER RATE OF SUBLAYER
  0.000E+00
 GAS CONCENTRATIONS PPMV
  5.004E+00  3.300E+02  6.382E+00  4.839E-02  1.921E-02  6.112E-01  2.090E+05
    31.0  1.147E-02  236.88 : Z P T
 PARTICLE PARAMETERS
  0.000E+00  8.000E-04  0.000E+00
  0.000E+00  2.000E-03  0.000E+00
  0.000E+00  6.000E-04  0.000E+00
  0.000E+00  5.000E-06  0.000E+00
  0.000E+00  6.000E-05  0.000E+00
  0.000E+00  2.000E-05  0.000E+00
  0.000E+00  1.900E-05  0.000E+00
  0.000E+00  2.040E-04  0.000E+00
  0.000E+00  1.750E-05  0.000E+00
  0.000E+00  1.900E-05  0.000E+00
  0.000E+00  4.000E-04  0.000E+00
 CLOUD COVER RATE OF SUBLAYER
  0.000E+00
 GAS CONCENTRATIONS PPMV
  5.003E+00  3.300E+02  5.909E+00  5.573E-02  1.845E-02  6.332E-01  2.090E+05
    30.0  1.323E-02  235.10 : Z P T
 PARTICLE PARAMETERS
  0.000E+00  8.000E-04  0.000E+00
  0.000E+00  2.000E-03  0.000E+00
  0.000E+00  6.000E-04  0.000E+00
  0.000E+00  5.000E-06  0.000E+00
  0.000E+00  6.000E-05  0.000E+00
  0.000E+00  2.000E-05  0.000E+00
  0.000E+00  1.900E-05  0.000E+00
  0.000E+00  2.040E-04  0.000E+00
  0.000E+00  1.750E-05  0.000E+00
  0.000E+00  1.900E-05  0.000E+00
  0.000E+00  4.000E-04  0.000E+00
 CLOUD COVER RATE OF SUBLAYER
  0.000E+00
 GAS CONCENTRATIONS PPMV
  4.991E+00  3.300E+02  5.600E+00  6.258E-02  1.772E-02  6.556E-01  2.090E+05
    29.0  1.527E-02  233.34 : Z P T
 PARTICLE PARAMETERS
  0.000E+00  8.000E-04  0.000E+00
  0.000E+00  2.000E-03  0.000E+00
  0.000E+00  6.000E-04  0.000E+00
  0.000E+00  5.000E-06  0.000E+00
  0.000E+00  6.000E-05  0.000E+00
  0.000E+00  2.000E-05  0.000E+00
  0.000E+00  1.900E-05  0.000E+00
  0.000E+00  2.040E-04  0.000E+00
  0.000E+00  1.750E-05  0.000E+00
  0.000E+00  1.900E-05  0.000E+00
  0.000E+00  4.000E-04  0.000E+00
 CLOUD COVER RATE OF SUBLAYER
  0.000E+00
 GAS CONCENTRATIONS PPMV
  4.970E+00  3.300E+02  5.443E+00  6.837E-02  1.706E-02  6.772E-01  2.090E+05
    28.0  1.765E-02  231.71 : Z P T
 PARTICLE PARAMETERS
  0.000E+00  8.000E-04  0.000E+00
  0.000E+00  2.000E-03  0.000E+00
  0.000E+00  6.000E-04  0.000E+00
  0.000E+00  5.000E-06  0.000E+00
  0.000E+00  6.000E-05  0.000E+00
  0.000E+00  2.000E-05  0.000E+00
  0.000E+00  1.900E-05  0.000E+00
  0.000E+00  2.040E-04  0.000E+00
  0.000E+00  1.750E-05  0.000E+00
  0.000E+00  1.900E-05  0.000E+00
  0.000E+00  4.000E-04  0.000E+00
 CLOUD COVER RATE OF SUBLAYER
  0.000E+00
 GAS CONCENTRATIONS PPMV
  4.951E+00  3.300E+02  5.278E+00  7.319E-02  1.651E-02  6.948E-01  2.090E+05
    27.0  2.042E-02  230.38 : Z P T
 PARTICLE PARAMETERS
  0.000E+00  8.000E-04  0.000E+00
  0.000E+00  2.000E-03  0.000E+00
  0.000E+00  6.000E-04  0.000E+00
  0.000E+00  5.000E-06  0.000E+00
  0.000E+00  6.000E-05  0.000E+00
  0.000E+00  2.000E-05  0.000E+00
  0.000E+00  1.900E-05  0.000E+00
  0.000E+00  2.040E-04  0.000E+00
  0.000E+00  1.750E-05  0.000E+00
  0.000E+00  1.900E-05  0.000E+00
  0.000E+00  4.000E-04  0.000E+00
 CLOUD COVER RATE OF SUBLAYER
  0.000E+00
 GAS CONCENTRATIONS PPMV
  4.937E+00  3.300E+02  5.001E+00  7.779E-02  1.605E-02  7.096E-01  2.090E+05
    26.0  2.366E-02  229.27 : Z P T
 PARTICLE PARAMETERS
  0.000E+00  8.000E-04  0.000E+00
  0.000E+00  2.000E-03  0.000E+00
  0.000E+00  6.000E-04  0.000E+00
  0.000E+00  5.000E-06  0.000E+00
  0.000E+00  6.000E-05  0.000E+00
  0.000E+00  2.000E-05  0.000E+00
  0.000E+00  1.900E-05  0.000E+00
  0.000E+00  2.040E-04  0.000E+00
  0.000E+00  1.750E-05  0.000E+00
  0.000E+00  1.900E-05  0.000E+00
  0.000E+00  4.000E-04  0.000E+00
 CLOUD COVER RATE OF SUBLAYER
  0.000E+00
 GAS CONCENTRATIONS PPMV
  4.915E+00  3.300E+02  4.665E+00  8.397E-02  1.546E-02  7.324E-01  2.090E+05
    25.0  2.744E-02  228.10 : Z P T
 PARTICLE PARAMETERS
  0.000E+00  8.000E-04  0.000E+00
  0.000E+00  2.000E-03  0.000E+00
  0.000E+00  6.000E-04  0.000E+00
  0.000E+00  5.000E-06  0.000E+00
  0.000E+00  6.000E-05  0.000E+00
  0.000E+00  2.000E-05  0.000E+00
  0.000E+00  1.900E-05  0.000E+00
  0.000E+00  2.040E-04  0.000E+00
  0.000E+00  1.750E-05  0.000E+00
  0.000E+00  1.900E-05  0.000E+00
  0.000E+00  4.000E-04  0.000E+00
 CLOUD COVER RATE OF SUBLAYER
  0.000E+00
 GAS CONCENTRATIONS PPMV
  4.875E+00  3.300E+02  4.350E+00  9.334E-02  1.455E-02  7.745E-01  2.090E+05
    24.0  3.187E-02  226.60 : Z P T
 PARTICLE PARAMETERS
  0.000E+00  8.000E-04  0.000E+00
  0.000E+00  2.000E-03  0.000E+00
  0.000E+00  6.000E-04  0.000E+00
  0.000E+00  5.000E-06  0.000E+00
  0.000E+00  6.000E-05  0.000E+00
  0.000E+00  2.000E-05  0.000E+00
  0.000E+00  1.900E-05  0.000E+00
  0.000E+00  2.040E-04  0.000E+00
  0.000E+00  1.750E-05  0.000E+00
  0.000E+00  1.900E-05  0.000E+00
  0.000E+00  4.000E-04  0.000E+00
 CLOUD COVER RATE OF SUBLAYER
  0.000E+00
 GAS CONCENTRATIONS PPMV
  4.840E+00  3.300E+02  3.950E+00  1.046E-01  1.354E-02  8.294E-01  2.090E+05
    23.0  3.702E-02  225.20 : Z P T
 PARTICLE PARAMETERS
  0.000E+00  8.000E-04  0.000E+00
  0.000E+00  2.000E-03  0.000E+00
  0.000E+00  6.000E-04  0.000E+00
  0.000E+00  5.000E-06  0.000E+00
  0.000E+00  6.000E-05  0.000E+00
  0.000E+00  2.000E-05  0.000E+00
  0.000E+00  1.900E-05  0.000E+00
  0.000E+00  2.040E-04  0.000E+00
  0.000E+00  1.750E-05  0.000E+00
  0.000E+00  1.900E-05  0.000E+00
  0.000E+00  4.000E-04  0.000E+00
 CLOUD COVER RATE OF SUBLAYER
  0.000E+00
 GAS CONCENTRATIONS PPMV
  4.815E+00  3.300E+02  3.500E+00  1.160E-01  1.270E-02  8.872E-01  2.090E+05
    22.0  4.304E-02  225.20 : Z P T
 PARTICLE PARAMETERS
  0.000E+00  8.000E-04  0.000E+00
  0.000E+00  2.000E-03  0.000E+00
  0.000E+00  6.000E-04  0.000E+00
  0.000E+00  5.000E-06  0.000E+00
  0.000E+00  6.000E-05  0.000E+00
  0.000E+00  2.000E-05  0.000E+00
  0.000E+00  1.900E-05  0.000E+00
  0.000E+00  2.040E-04  0.000E+00
  0.000E+00  1.750E-05  0.000E+00
  0.000E+00  1.900E-05  0.000E+00
  0.000E+00  4.000E-04  0.000E+00
 CLOUD COVER RATE OF SUBLAYER
  0.000E+00
 GAS CONCENTRATIONS PPMV
  4.750E+00  3.300E+02  3.000E+00  1.284E-01  1.232E-02  9.536E-01  2.090E+05
    21.0  5.005E-02  225.20 : Z P T
 PARTICLE PARAMETERS
  0.000E+00  8.000E-04  0.000E+00
  0.000E+00  2.000E-03  0.000E+00
  0.000E+00  6.000E-04  0.000E+00
  0.000E+00  5.000E-06  0.000E+00
  0.000E+00  6.000E-05  0.000E+00
  0.000E+00  2.000E-05  0.000E+00
  0.000E+00  1.900E-05  0.000E+00
  0.000E+00  2.040E-04  0.000E+00
  0.000E+00  1.750E-05  0.000E+00
  0.000E+00  1.900E-05  0.000E+00
  0.000E+00  4.000E-04  0.000E+00
 CLOUD COVER RATE OF SUBLAYER
  0.000E+00
 GAS CONCENTRATIONS PPMV
  4.650E+00  3.300E+02  2.400E+00  1.459E-01  1.282E-02  1.031E+00  2.090E+05
    20.0  5.824E-02  225.20 : Z P T
 PARTICLE PARAMETERS
  0.000E+00  8.000E-04  0.000E+00
  0.000E+00  2.000E-03  0.000E+00
  0.000E+00  6.000E-04  0.000E+00
  0.000E+00  5.000E-06  0.000E+00
  0.000E+00  6.000E-05  0.000E+00
  0.000E+00  2.000E-05  0.000E+00
  0.000E+00  1.900E-05  0.000E+00
  0.000E+00  2.040E-04  0.000E+00
  0.000E+00  1.750E-05  0.000E+00
  0.000E+00  1.900E-05  0.000E+00
  0.000E+00  4.000E-04  0.000E+00
 CLOUD COVER RATE OF SUBLAYER
  0.000E+00
 GAS CONCENTRATIONS PPMV
  4.550E+00  3.300E+02  1.900E+00  1.692E-01  1.440E-02  1.115E+00  2.090E+05
    19.0  6.772E-02  225.20 : Z P T
 PARTICLE PARAMETERS
  0.000E+00  8.000E-04  0.000E+00
  0.000E+00  2.000E-03  0.000E+00
  0.000E+00  6.000E-04  0.000E+00
  0.000E+00  5.000E-06  0.000E+00
  0.000E+00  6.000E-05  0.000E+00
  0.000E+00  2.000E-05  0.000E+00
  0.000E+00  1.900E-05  0.000E+00
  0.000E+00  2.040E-04  0.000E+00
  0.000E+00  1.750E-05  0.000E+00
  0.000E+00  1.900E-05  0.000E+00
  0.000E+00  4.000E-04  0.000E+00
 CLOUD COVER RATE OF SUBLAYER
  0.000E+00
 GAS CONCENTRATIONS PPMV
  4.400E+00  3.300E+02  1.500E+00  1.926E-01  1.758E-02  1.193E+00  2.090E+05
    18.0  7.878E-02  225.20 : Z P T
 PARTICLE PARAMETERS
  0.000E+00  8.000E-04  0.000E+00
  0.000E+00  2.000E-03  0.000E+00
  0.000E+00  6.000E-04  0.000E+00
  0.000E+00  5.000E-06  0.000E+00
  0.000E+00  6.000E-05  0.000E+00
  0.000E+00  2.000E-05  0.000E+00
  0.000E+00  1.900E-05  0.000E+00
  0.000E+00  2.040E-04  0.000E+00
  0.000E+00  1.750E-05  0.000E+00
  0.000E+00  1.900E-05  0.000E+00
  0.000E+00  4.000E-04  0.000E+00
 CLOUD COVER RATE OF SUBLAYER
  0.000E+00
 GAS CONCENTRATIONS PPMV
  4.175E+00  3.300E+02  1.150E+00  2.107E-01  2.227E-02  1.260E+00  2.090E+05
    17.0  9.161E-02  225.20 : Z P T
 PARTICLE PARAMETERS
  0.000E+00  8.000E-04  0.000E+00
  0.000E+00  2.000E-03  0.000E+00
  0.000E+00  6.000E-04  0.000E+00
  0.000E+00  5.000E-06  0.000E+00
  0.000E+00  6.000E-05  0.000E+00
  0.000E+00  2.000E-05  0.000E+00
  0.000E+00  1.900E-05  0.000E+00
  0.000E+00  2.040E-04  0.000E+00
  0.000E+00  1.750E-05  0.000E+00
  0.000E+00  1.900E-05  0.000E+00
  0.000E+00  4.000E-04  0.000E+00
 CLOUD COVER RATE OF SUBLAYER
  0.000E+00
 GAS CONCENTRATIONS PPMV
  4.025E+00  3.300E+02  9.250E-01  2.231E-01  2.779E-02  1.316E+00  2.090E+05
    16.0  1.066E-01  225.20 : Z P T
 PARTICLE PARAMETERS
  0.000E+00  8.000E-04  0.000E+00
  0.000E+00  2.000E-03  0.000E+00
  0.000E+00  6.000E-04  0.000E+00
  0.000E+00  5.000E-06  0.000E+00
  0.000E+00  6.000E-05  0.000E+00
  0.000E+00  2.000E-05  0.000E+00
  0.000E+00  1.900E-05  0.000E+00
  0.000E+00  2.040E-04  0.000E+00
  0.000E+00  1.750E-05  0.000E+00
  0.000E+00  1.900E-05  0.000E+00
  0.000E+00  4.000E-04  0.000E+00
 CLOUD COVER RATE OF SUBLAYER
  0.000E+00
 GAS CONCENTRATIONS PPMV
  4.000E+00  3.300E+02  7.750E-01  2.319E-01  3.505E-02  1.365E+00  2.090E+05
    15.0  1.244E-01  225.20 : Z P T
 PARTICLE PARAMETERS
  0.000E+00  8.000E-04  0.000E+00
  0.000E+00  2.000E-03  0.000E+00
  0.000E+00  6.000E-04  0.000E+00
  0.000E+00  5.000E-06  0.000E+00
  0.000E+00  6.000E-05  0.000E+00
  0.000E+00  2.000E-05  0.000E+00
  0.000E+00  1.900E-05  0.000E+00
  0.000E+00  2.040E-04  0.000E+00
  0.000E+00  1.750E-05  0.000E+00
  0.000E+00  1.900E-05  0.000E+00
  0.000E+00  4.000E-04  0.000E+00
 CLOUD COVER RATE OF SUBLAYER
  0.000E+00
 GAS CONCENTRATIONS PPMV
  4.000E+00  3.300E+02  6.500E-01  2.394E-01  4.483E-02  1.411E+00  2.090E+05
    14.0  1.441E-01  225.20 : Z P T
 PARTICLE PARAMETERS
  0.000E+00  8.000E-04  0.000E+00
  0.000E+00  2.000E-03  0.000E+00
  0.000E+00  6.000E-04  0.000E+00
  0.000E+00  5.000E-06  0.000E+00
  0.000E+00  6.000E-05  0.000E+00
  0.000E+00  2.000E-05  0.000E+00
  0.000E+00  1.900E-05  0.000E+00
  0.000E+00  2.040E-04  0.000E+00
  0.000E+00  1.750E-05  0.000E+00
  0.000E+00  1.900E-05  0.000E+00
  0.000E+00  4.000E-04  0.000E+00
 CLOUD COVER RATE OF SUBLAYER
  0.000E+00
 GAS CONCENTRATIONS PPMV
  4.225E+00  3.300E+02  5.500E-01  2.464E-01  5.700E-02  1.452E+00  2.090E+05
    13.0  1.678E-01  225.20 : Z P T
 PARTICLE PARAMETERS
  0.000E+00  8.000E-04  0.000E+00
  0.000E+00  2.000E-03  0.000E+00
  0.000E+00  6.000E-04  0.000E+00
  0.000E+00  5.000E-06  0.000E+00
  0.000E+00  6.000E-05  0.000E+00
  0.000E+00  2.000E-05  0.000E+00
  0.000E+00  1.900E-05  0.000E+00
  0.000E+00  2.040E-04  0.000E+00
  0.000E+00  1.750E-05  0.000E+00
  0.000E+00  1.900E-05  0.000E+00
  0.000E+00  4.000E-04  0.000E+00
 CLOUD COVER RATE OF SUBLAYER
  0.000E+00
 GAS CONCENTRATIONS PPMV
  5.225E+00  3.300E+02  4.550E-01  2.522E-01  7.094E-02  1.489E+00  2.090E+05
    12.0  1.952E-01  225.20 : Z P T
 PARTICLE PARAMETERS
  0.000E+00  8.000E-04  0.000E+00
  0.000E+00  2.000E-03  0.000E+00
  0.000E+00  6.000E-04  0.000E+00
  0.000E+00  5.000E-06  0.000E+00
  0.000E+00  6.000E-05  0.000E+00
  0.000E+00  2.000E-05  0.000E+00
  0.000E+00  1.900E-05  0.000E+00
  0.000E+00  2.040E-04  0.000E+00
  0.000E+00  1.750E-05  0.000E+00
  0.000E+00  1.900E-05  0.000E+00
  0.000E+00  4.000E-04  0.000E+00
 CLOUD COVER RATE OF SUBLAYER
  0.000E+00
 GAS CONCENTRATIONS PPMV
  9.650E+00  3.300E+02  3.575E-01  2.575E-01  8.389E-02  1.524E+00  2.090E+05
    11.0  2.270E-01  225.20 : Z P T
 PARTICLE PARAMETERS
  0.000E+00  8.000E-04  0.000E+00
  0.000E+00  2.000E-03  0.000E+00
  0.000E+00  6.000E-04  0.000E+00
  0.000E+00  5.000E-06  0.000E+00
  0.000E+00  6.000E-05  0.000E+00
  0.000E+00  2.000E-05  0.000E+00
  0.000E+00  1.900E-05  0.000E+00
  0.000E+00  2.040E-04  0.000E+00
  0.000E+00  1.750E-05  0.000E+00
  0.000E+00  1.900E-05  0.000E+00
  0.000E+00  4.000E-04  0.000E+00
 CLOUD COVER RATE OF SUBLAYER
  0.000E+00
 GAS CONCENTRATIONS PPMV
  2.785E+01  3.300E+02  2.470E-01  2.625E-01  9.463E-02  1.561E+00  2.090E+05
    10.0  2.643E-01  225.20 : Z P T
 PARTICLE PARAMETERS
  0.000E+00  8.000E-04  0.000E+00
  0.000E+00  2.000E-03  0.000E+00
  0.000E+00  6.000E-04  0.000E+00
  0.000E+00  5.000E-06  0.000E+00
  0.000E+00  6.000E-05  0.000E+00
  0.000E+00  2.000E-05  0.000E+00
  0.000E+00  1.900E-05  0.000E+00
  0.000E+00  2.040E-04  0.000E+00
  0.000E+00  1.750E-05  0.000E+00
  0.000E+00  1.900E-05  0.000E+00
  0.000E+00  4.000E-04  0.000E+00
 CLOUD COVER RATE OF SUBLAYER
  0.000E+00
 GAS CONCENTRATIONS PPMV
  8.620E+01  3.300E+02  1.655E-01  2.677E-01  1.045E-01  1.597E+00  2.090E+05
     9.0  3.068E-01  232.20 : Z P T
 PARTICLE PARAMETERS
  0.000E+00  8.000E-04  0.000E+00
  0.000E+00  2.000E-03  0.000E+00
  0.000E+00  6.000E-04  0.000E+00
  0.000E+00  5.000E-06  0.000E+00
  0.000E+00  6.000E-05  0.000E+00
  0.000E+00  2.000E-05  0.000E+00
  0.000E+00  1.900E-05  0.000E+00
  0.000E+00  2.040E-04  0.000E+00
  0.000E+00  1.750E-05  0.000E+00
  0.000E+00  1.900E-05  0.000E+00
  0.000E+00  4.000E-04  0.000E+00
 CLOUD COVER RATE OF SUBLAYER
  0.000E+00
 GAS CONCENTRATIONS PPMV
  2.648E+02  3.300E+02  1.166E-01  2.731E-01  1.140E-01  1.622E+00  2.090E+05
     8.0  3.544E-01  239.20 : Z P T
 PARTICLE PARAMETERS
  0.000E+00  8.000E-04  0.000E+00
  0.000E+00  2.000E-03  0.000E+00
  0.000E+00  6.000E-04  0.000E+00
  0.000E+00  5.000E-06  0.000E+00
  0.000E+00  6.000E-05  0.000E+00
  0.000E+00  2.000E-05  0.000E+00
  0.000E+00  1.900E-05  0.000E+00
  0.000E+00  2.040E-04  0.000E+00
  0.000E+00  1.750E-05  0.000E+00
  0.000E+00  1.900E-05  0.000E+00
  0.000E+00  4.000E-04  0.000E+00
 CLOUD COVER RATE OF SUBLAYER
  0.000E+00
 GAS CONCENTRATIONS PPMV
  5.983E+02  3.300E+02  8.426E-02  2.791E-01  1.216E-01  1.639E+00  2.090E+05
     7.0  4.077E-01  246.10 : Z P T
 PARTICLE PARAMETERS
  0.000E+00  8.000E-04  0.000E+00
  0.000E+00  2.000E-03  0.000E+00
  0.000E+00  6.000E-04  0.000E+00
  0.000E+00  5.000E-06  0.000E+00
  0.000E+00  6.000E-05  0.000E+00
  0.000E+00  2.000E-05  0.000E+00
  0.000E+00  1.900E-05  0.000E+00
  0.000E+00  2.040E-04  0.000E+00
  0.000E+00  1.750E-05  0.000E+00
  0.000E+00  1.900E-05  0.000E+00
  0.000E+00  4.000E-04  0.000E+00
 CLOUD COVER RATE OF SUBLAYER
  0.000E+00
 GAS CONCENTRATIONS PPMV
  1.064E+03  3.300E+02  7.151E-02  2.864E-01  1.267E-01  1.660E+00  2.090E+05
     6.0  4.679E-01  253.10 : Z P T
 PARTICLE PARAMETERS
  0.000E+00  8.000E-04  0.000E+00
  0.000E+00  2.000E-03  0.000E+00
  0.000E+00  6.000E-04  0.000E+00
  0.000E+00  5.000E-06  0.000E+00
  0.000E+00  6.000E-05  0.000E+00
  0.000E+00  2.000E-05  0.000E+00
  0.000E+00  1.900E-05  0.000E+00
  0.000E+00  2.040E-04  0.000E+00
  0.000E+00  1.750E-05  0.000E+00
  0.000E+00  1.900E-05  0.000E+00
  0.000E+00  4.000E-04  0.000E+00
 CLOUD COVER RATE OF SUBLAYER
  0.000E+00
 GAS CONCENTRATIONS PPMV
  1.774E+03  3.300E+02  5.946E-02  2.965E-01  1.295E-01  1.679E+00  2.090E+05
     5.0  5.341E-01  260.10 : Z P T
 PARTICLE PARAMETERS
  0.000E+00  8.000E-04  0.000E+00
  0.000E+00  2.000E-03  0.000E+00
  0.000E+00  6.000E-04  0.000E+00
  0.000E+00  5.000E-06  0.000E+00
  0.000E+00  6.000E-05  0.000E+00
  0.000E+00  2.000E-05  0.000E+00
  0.000E+00  1.900E-05  0.000E+00
  0.000E+00  2.040E-04  0.000E+00
  0.000E+00  1.750E-05  0.000E+00
  0.000E+00  1.900E-05  0.000E+00
  0.000E+00  4.000E-04  0.000E+00
 CLOUD COVER RATE OF SUBLAYER
  0.000E+00
 GAS CONCENTRATIONS PPMV
  2.799E+03  3.300E+02  4.903E-02  3.052E-01  1.307E-01  1.692E+00  2.090E+05
     4.0  6.081E-01  265.50 : Z P T
 PARTICLE PARAMETERS
  0.000E+00  8.000E-04  0.000E+00
  0.000E+00  2.000E-03  0.000E+00
  0.000E+00  6.000E-04  0.000E+00
  0.000E+00  5.000E-06  0.000E+00
  0.000E+00  6.000E-05  0.000E+00
  0.000E+00  2.000E-05  0.000E+00
  0.000E+00  1.900E-05  0.000E+00
  0.000E+00  2.040E-04  0.000E+00
  0.000E+00  1.750E-05  0.000E+00
  0.000E+00  1.900E-05  0.000E+00
  0.000E+00  4.000E-04  0.000E+00
 CLOUD COVER RATE OF SUBLAYER
  0.000E+00
 GAS CONCENTRATIONS PPMV
  4.100E+03  3.300E+02  4.182E-02  3.090E-01  1.330E-01  1.699E+00  2.090E+05
     3.0  6.910E-01  270.90 : Z P T
 PARTICLE PARAMETERS
  0.000E+00  8.000E-04  0.000E+00
  0.000E+00  2.000E-03  0.000E+00
  0.000E+00  6.000E-04  0.000E+00
  0.000E+00  5.000E-06  0.000E+00
  0.000E+00  6.000E-05  0.000E+00
  0.000E+00  2.000E-05  0.000E+00
  0.000E+00  1.900E-05  0.000E+00
  0.000E+00  2.040E-04  0.000E+00
  0.000E+00  1.750E-05  0.000E+00
  0.000E+00  1.900E-05  0.000E+00
  0.000E+00  4.000E-04  0.000E+00
 CLOUD COVER RATE OF SUBLAYER
  0.000E+00
 GAS CONCENTRATIONS PPMV
  5.785E+03  3.300E+02  3.633E-02  3.100E-01  1.374E-01  1.700E+00  2.090E+05
     2.0  7.827E-01  276.30 : Z P T
 PARTICLE PARAMETERS
  0.000E+00  8.000E-04  0.000E+00
  0.000E+00  2.000E-03  0.000E+00
  0.000E+00  6.000E-04  0.000E+00
  0.000E+00  5.000E-06  0.000E+00
  0.000E+00  6.000E-05  0.000E+00
  0.000E+00  2.000E-05  0.000E+00
  0.000E+00  1.900E-05  0.000E+00
  0.000E+00  2.040E-04  0.000E+00
  0.000E+00  1.750E-05  0.000E+00
  0.000E+00  1.900E-05  0.000E+00
  0.000E+00  4.000E-04  0.000E+00
 CLOUD COVER RATE OF SUBLAYER
  0.000E+00
 GAS CONCENTRATIONS PPMV
  7.726E+03  3.300E+02  3.159E-02  3.100E-01  1.425E-01  1.700E+00  2.090E+05
     1.0  8.845E-01  281.70 : Z P T
 PARTICLE PARAMETERS
  0.000E+00  8.000E-04  0.000E+00
  0.000E+00  2.000E-03  0.000E+00
  0.000E+00  6.000E-04  0.000E+00
  0.000E+00  5.000E-06  0.000E+00
  0.000E+00  6.000E-05  0.000E+00
  0.000E+00  2.000E-05  0.000E+00
  0.000E+00  1.900E-05  0.000E+00
  0.000E+00  2.040E-04  0.000E+00
  0.000E+00  1.750E-05  0.000E+00
  0.000E+00  1.900E-05  0.000E+00
  0.000E+00  4.000E-04  0.000E+00
 CLOUD COVER RATE OF SUBLAYER
  0.000E+00
 GAS CONCENTRATIONS PPMV
  1.032E+04  3.300E+02  2.676E-02  3.100E-01  1.475E-01  1.700E+00  2.090E+05
     0.0  9.970E-01  287.20 : Z P T
 300.0 : GTMP
  3.100E+00  5.000E-01  0.000E+00  0.000E+00  0.000E+00 : PRG
