100 0.500 : NL AMS
   100.0  2.547E-07  190.50 : Z P T
 PARTICLE PARAMETERS
  0.000E+00  8.000E-04  0.000E+00
  0.000E+00  2.000E-03  0.000E+00
  0.000E+00  6.000E-04  0.000E+00
  0.000E+00  5.000E-06  0.000E+00
  0.000E+00  6.000E-05  0.000E+00
  0.000E+00  2.000E-05  0.000E+00
  0.000E+00  1.900E-05  0.000E+00
  0.000E+00  2.040E-04  0.000E+00
  0.000E+00  1.750E-05  0.000E+00
  0.000E+00  1.900E-05  0.000E+00
  0.000E+00  4.000E-04  0.000E+00
 CLOUD COVER RATE OF SUBLAYER
  0.000E+00
 GAS CONCENTRATIONS PPMV
  4.088E-01  2.035E+02  4.303E-01  2.880E-04  9.437E+00  1.210E-01  1.622E+05
    99.0  3.016E-07  186.97 : Z P T
 PARTICLE PARAMETERS
  0.000E+00  8.000E-04  0.000E+00
  0.000E+00  2.000E-03  0.000E+00
  0.000E+00  6.000E-04  0.000E+00
  0.000E+00  5.000E-06  0.000E+00
  0.000E+00  6.000E-05  0.000E+00
  0.000E+00  2.000E-05  0.000E+00
  0.000E+00  1.900E-05  0.000E+00
  0.000E+00  2.040E-04  0.000E+00
  0.000E+00  1.750E-05  0.000E+00
  0.000E+00  1.900E-05  0.000E+00
  0.000E+00  4.000E-04  0.000E+00
 CLOUD COVER RATE OF SUBLAYER
  0.000E+00
 GAS CONCENTRATIONS PPMV
  4.286E-01  2.202E+02  4.933E-01  2.954E-04  8.235E+00  1.230E-01  1.665E+05
    98.0  3.586E-07  184.38 : Z P T
 PARTICLE PARAMETERS
  0.000E+00  8.000E-04  0.000E+00
  0.000E+00  2.000E-03  0.000E+00
  0.000E+00  6.000E-04  0.000E+00
  0.000E+00  5.000E-06  0.000E+00
  0.000E+00  6.000E-05  0.000E+00
  0.000E+00  2.000E-05  0.000E+00
  0.000E+00  1.900E-05  0.000E+00
  0.000E+00  2.040E-04  0.000E+00
  0.000E+00  1.750E-05  0.000E+00
  0.000E+00  1.900E-05  0.000E+00
  0.000E+00  4.000E-04  0.000E+00
 CLOUD COVER RATE OF SUBLAYER
  0.000E+00
 GAS CONCENTRATIONS PPMV
  4.529E-01  2.359E+02  5.587E-01  3.031E-04  7.192E+00  1.251E-01  1.708E+05
    97.0  4.284E-07  182.33 : Z P T
 PARTICLE PARAMETERS
  0.000E+00  8.000E-04  0.000E+00
  0.000E+00  2.000E-03  0.000E+00
  0.000E+00  6.000E-04  0.000E+00
  0.000E+00  5.000E-06  0.000E+00
  0.000E+00  6.000E-05  0.000E+00
  0.000E+00  2.000E-05  0.000E+00
  0.000E+00  1.900E-05  0.000E+00
  0.000E+00  2.040E-04  0.000E+00
  0.000E+00  1.750E-05  0.000E+00
  0.000E+00  1.900E-05  0.000E+00
  0.000E+00  4.000E-04  0.000E+00
 CLOUD COVER RATE OF SUBLAYER
  0.000E+00
 GAS CONCENTRATIONS PPMV
  4.829E-01  2.504E+02  6.212E-01  3.111E-04  6.293E+00  1.271E-01  1.748E+05
    96.0  5.137E-07  180.43 : Z P T
 PARTICLE PARAMETERS
  0.000E+00  8.000E-04  0.000E+00
  0.000E+00  2.000E-03  0.000E+00
  0.000E+00  6.000E-04  0.000E+00
  0.000E+00  5.000E-06  0.000E+00
  0.000E+00  6.000E-05  0.000E+00
  0.000E+00  2.000E-05  0.000E+00
  0.000E+00  1.900E-05  0.000E+00
  0.000E+00  2.040E-04  0.000E+00
  0.000E+00  1.750E-05  0.000E+00
  0.000E+00  1.900E-05  0.000E+00
  0.000E+00  4.000E-04  0.000E+00
 CLOUD COVER RATE OF SUBLAYER
  0.000E+00
 GAS CONCENTRATIONS PPMV
  5.198E-01  2.637E+02  6.756E-01  3.194E-04  5.522E+00  1.290E-01  1.783E+05
    95.0  6.170E-07  178.30 : Z P T
 PARTICLE PARAMETERS
  0.000E+00  8.000E-04  0.000E+00
  0.000E+00  2.000E-03  0.000E+00
  0.000E+00  6.000E-04  0.000E+00
  0.000E+00  5.000E-06  0.000E+00
  0.000E+00  6.000E-05  0.000E+00
  0.000E+00  2.000E-05  0.000E+00
  0.000E+00  1.900E-05  0.000E+00
  0.000E+00  2.040E-04  0.000E+00
  0.000E+00  1.750E-05  0.000E+00
  0.000E+00  1.900E-05  0.000E+00
  0.000E+00  4.000E-04  0.000E+00
 CLOUD COVER RATE OF SUBLAYER
  0.000E+00
 GAS CONCENTRATIONS PPMV
  5.643E-01  2.755E+02  7.170E-01  3.282E-04  4.862E+00  1.310E-01  1.813E+05
    94.0  7.420E-07  175.65 : Z P T
 PARTICLE PARAMETERS
  0.000E+00  8.000E-04  0.000E+00
  0.000E+00  2.000E-03  0.000E+00
  0.000E+00  6.000E-04  0.000E+00
  0.000E+00  5.000E-06  0.000E+00
  0.000E+00  6.000E-05  0.000E+00
  0.000E+00  2.000E-05  0.000E+00
  0.000E+00  1.900E-05  0.000E+00
  0.000E+00  2.040E-04  0.000E+00
  0.000E+00  1.750E-05  0.000E+00
  0.000E+00  1.900E-05  0.000E+00
  0.000E+00  4.000E-04  0.000E+00
 CLOUD COVER RATE OF SUBLAYER
  0.000E+00
 GAS CONCENTRATIONS PPMV
  6.166E-01  2.858E+02  7.439E-01  3.373E-04  4.299E+00  1.329E-01  1.838E+05
    93.0  8.962E-07  172.68 : Z P T
 PARTICLE PARAMETERS
  0.000E+00  8.000E-04  0.000E+00
  0.000E+00  2.000E-03  0.000E+00
  0.000E+00  6.000E-04  0.000E+00
  0.000E+00  5.000E-06  0.000E+00
  0.000E+00  6.000E-05  0.000E+00
  0.000E+00  2.000E-05  0.000E+00
  0.000E+00  1.900E-05  0.000E+00
  0.000E+00  2.040E-04  0.000E+00
  0.000E+00  1.750E-05  0.000E+00
  0.000E+00  1.900E-05  0.000E+00
  0.000E+00  4.000E-04  0.000E+00
 CLOUD COVER RATE OF SUBLAYER
  0.000E+00
 GAS CONCENTRATIONS PPMV
  6.761E-01  2.946E+02  7.578E-01  3.468E-04  3.816E+00  1.348E-01  1.858E+05
    92.0  1.088E-06  169.71 : Z P T
 PARTICLE PARAMETERS
  0.000E+00  8.000E-04  0.000E+00
  0.000E+00  2.000E-03  0.000E+00
  0.000E+00  6.000E-04  0.000E+00
  0.000E+00  5.000E-06  0.000E+00
  0.000E+00  6.000E-05  0.000E+00
  0.000E+00  2.000E-05  0.000E+00
  0.000E+00  1.900E-05  0.000E+00
  0.000E+00  2.040E-04  0.000E+00
  0.000E+00  1.750E-05  0.000E+00
  0.000E+00  1.900E-05  0.000E+00
  0.000E+00  4.000E-04  0.000E+00
 CLOUD COVER RATE OF SUBLAYER
  0.000E+00
 GAS CONCENTRATIONS PPMV
  7.419E-01  3.018E+02  7.608E-01  3.568E-04  3.397E+00  1.368E-01  1.875E+05
    91.0  1.326E-06  167.04 : Z P T
 PARTICLE PARAMETERS
  0.000E+00  8.000E-04  0.000E+00
  0.000E+00  2.000E-03  0.000E+00
  0.000E+00  6.000E-04  0.000E+00
  0.000E+00  5.000E-06  0.000E+00
  0.000E+00  6.000E-05  0.000E+00
  0.000E+00  2.000E-05  0.000E+00
  0.000E+00  1.900E-05  0.000E+00
  0.000E+00  2.040E-04  0.000E+00
  0.000E+00  1.750E-05  0.000E+00
  0.000E+00  1.900E-05  0.000E+00
  0.000E+00  4.000E-04  0.000E+00
 CLOUD COVER RATE OF SUBLAYER
  0.000E+00
 GAS CONCENTRATIONS PPMV
  8.131E-01  3.075E+02  7.549E-01  3.673E-04  3.025E+00  1.389E-01  1.892E+05
    90.0  1.619E-06  165.00 : Z P T
 PARTICLE PARAMETERS
  0.000E+00  8.000E-04  0.000E+00
  0.000E+00  2.000E-03  0.000E+00
  0.000E+00  6.000E-04  0.000E+00
  0.000E+00  5.000E-06  0.000E+00
  0.000E+00  6.000E-05  0.000E+00
  0.000E+00  2.000E-05  0.000E+00
  0.000E+00  1.900E-05  0.000E+00
  0.000E+00  2.040E-04  0.000E+00
  0.000E+00  1.750E-05  0.000E+00
  0.000E+00  1.900E-05  0.000E+00
  0.000E+00  4.000E-04  0.000E+00
 CLOUD COVER RATE OF SUBLAYER
  0.000E+00
 GAS CONCENTRATIONS PPMV
  8.892E-01  3.118E+02  7.419E-01  3.783E-04  2.686E+00  1.412E-01  1.909E+05
    89.0  1.977E-06  163.82 : Z P T
 PARTICLE PARAMETERS
  0.000E+00  8.000E-04  0.000E+00
  0.000E+00  2.000E-03  0.000E+00
  0.000E+00  6.000E-04  0.000E+00
  0.000E+00  5.000E-06  0.000E+00
  0.000E+00  6.000E-05  0.000E+00
  0.000E+00  2.000E-05  0.000E+00
  0.000E+00  1.900E-05  0.000E+00
  0.000E+00  2.040E-04  0.000E+00
  0.000E+00  1.750E-05  0.000E+00
  0.000E+00  1.900E-05  0.000E+00
  0.000E+00  4.000E-04  0.000E+00
 CLOUD COVER RATE OF SUBLAYER
  0.000E+00
 GAS CONCENTRATIONS PPMV
  9.709E-01  3.147E+02  7.217E-01  3.899E-04  2.372E+00  1.435E-01  1.927E+05
    88.0  2.417E-06  163.40 : Z P T
 PARTICLE PARAMETERS
  0.000E+00  8.000E-04  0.000E+00
  0.000E+00  2.000E-03  0.000E+00
  0.000E+00  6.000E-04  0.000E+00
  0.000E+00  5.000E-06  0.000E+00
  0.000E+00  6.000E-05  0.000E+00
  0.000E+00  2.000E-05  0.000E+00
  0.000E+00  1.900E-05  0.000E+00
  0.000E+00  2.040E-04  0.000E+00
  0.000E+00  1.750E-05  0.000E+00
  0.000E+00  1.900E-05  0.000E+00
  0.000E+00  4.000E-04  0.000E+00
 CLOUD COVER RATE OF SUBLAYER
  0.000E+00
 GAS CONCENTRATIONS PPMV
  1.060E+00  3.167E+02  6.927E-01  4.021E-04  2.082E+00  1.458E-01  1.947E+05
    87.0  2.958E-06  163.59 : Z P T
 PARTICLE PARAMETERS
  0.000E+00  8.000E-04  0.000E+00
  0.000E+00  2.000E-03  0.000E+00
  0.000E+00  6.000E-04  0.000E+00
  0.000E+00  5.000E-06  0.000E+00
  0.000E+00  6.000E-05  0.000E+00
  0.000E+00  2.000E-05  0.000E+00
  0.000E+00  1.900E-05  0.000E+00
  0.000E+00  2.040E-04  0.000E+00
  0.000E+00  1.750E-05  0.000E+00
  0.000E+00  1.900E-05  0.000E+00
  0.000E+00  4.000E-04  0.000E+00
 CLOUD COVER RATE OF SUBLAYER
  0.000E+00
 GAS CONCENTRATIONS PPMV
  1.159E+00  3.181E+02  6.528E-01  4.149E-04  1.818E+00  1.478E-01  1.968E+05
    86.0  3.620E-06  164.21 : Z P T
 PARTICLE PARAMETERS
  0.000E+00  8.000E-04  0.000E+00
  0.000E+00  2.000E-03  0.000E+00
  0.000E+00  6.000E-04  0.000E+00
  0.000E+00  5.000E-06  0.000E+00
  0.000E+00  6.000E-05  0.000E+00
  0.000E+00  2.000E-05  0.000E+00
  0.000E+00  1.900E-05  0.000E+00
  0.000E+00  2.040E-04  0.000E+00
  0.000E+00  1.750E-05  0.000E+00
  0.000E+00  1.900E-05  0.000E+00
  0.000E+00  4.000E-04  0.000E+00
 CLOUD COVER RATE OF SUBLAYER
  0.000E+00
 GAS CONCENTRATIONS PPMV
  1.271E+00  3.194E+02  5.999E-01  4.283E-04  1.578E+00  1.493E-01  1.989E+05
    85.0  4.423E-06  165.10 : Z P T
 PARTICLE PARAMETERS
  0.000E+00  8.000E-04  0.000E+00
  0.000E+00  2.000E-03  0.000E+00
  0.000E+00  6.000E-04  0.000E+00
  0.000E+00  5.000E-06  0.000E+00
  0.000E+00  6.000E-05  0.000E+00
  0.000E+00  2.000E-05  0.000E+00
  0.000E+00  1.900E-05  0.000E+00
  0.000E+00  2.040E-04  0.000E+00
  0.000E+00  1.750E-05  0.000E+00
  0.000E+00  1.900E-05  0.000E+00
  0.000E+00  4.000E-04  0.000E+00
 CLOUD COVER RATE OF SUBLAYER
  0.000E+00
 GAS CONCENTRATIONS PPMV
  1.397E+00  3.208E+02  5.329E-01  4.424E-04  1.365E+00  1.503E-01  2.011E+05
    84.0  5.389E-06  166.13 : Z P T
 PARTICLE PARAMETERS
  0.000E+00  8.000E-04  0.000E+00
  0.000E+00  2.000E-03  0.000E+00
  0.000E+00  6.000E-04  0.000E+00
  0.000E+00  5.000E-06  0.000E+00
  0.000E+00  6.000E-05  0.000E+00
  0.000E+00  2.000E-05  0.000E+00
  0.000E+00  1.900E-05  0.000E+00
  0.000E+00  2.040E-04  0.000E+00
  0.000E+00  1.750E-05  0.000E+00
  0.000E+00  1.900E-05  0.000E+00
  0.000E+00  4.000E-04  0.000E+00
 CLOUD COVER RATE OF SUBLAYER
  0.000E+00
 GAS CONCENTRATIONS PPMV
  1.536E+00  3.224E+02  4.547E-01  4.573E-04  1.176E+00  1.508E-01  2.033E+05
    83.0  6.564E-06  167.41 : Z P T
 PARTICLE PARAMETERS
  0.000E+00  8.000E-04  0.000E+00
  0.000E+00  2.000E-03  0.000E+00
  0.000E+00  6.000E-04  0.000E+00
  0.000E+00  5.000E-06  0.000E+00
  0.000E+00  6.000E-05  0.000E+00
  0.000E+00  2.000E-05  0.000E+00
  0.000E+00  1.900E-05  0.000E+00
  0.000E+00  2.040E-04  0.000E+00
  0.000E+00  1.750E-05  0.000E+00
  0.000E+00  1.900E-05  0.000E+00
  0.000E+00  4.000E-04  0.000E+00
 CLOUD COVER RATE OF SUBLAYER
  0.000E+00
 GAS CONCENTRATIONS PPMV
  1.688E+00  3.241E+02  3.725E-01  4.730E-04  1.011E+00  1.508E-01  2.053E+05
    82.0  7.999E-06  169.06 : Z P T
 PARTICLE PARAMETERS
  0.000E+00  8.000E-04  0.000E+00
  0.000E+00  2.000E-03  0.000E+00
  0.000E+00  6.000E-04  0.000E+00
  0.000E+00  5.000E-06  0.000E+00
  0.000E+00  6.000E-05  0.000E+00
  0.000E+00  2.000E-05  0.000E+00
  0.000E+00  1.900E-05  0.000E+00
  0.000E+00  2.040E-04  0.000E+00
  0.000E+00  1.750E-05  0.000E+00
  0.000E+00  1.900E-05  0.000E+00
  0.000E+00  4.000E-04  0.000E+00
 CLOUD COVER RATE OF SUBLAYER
  0.000E+00
 GAS CONCENTRATIONS PPMV
  1.848E+00  3.258E+02  2.945E-01  4.897E-04  8.662E-01  1.505E-01  2.071E+05
    81.0  9.743E-06  171.25 : Z P T
 PARTICLE PARAMETERS
  0.000E+00  8.000E-04  0.000E+00
  0.000E+00  2.000E-03  0.000E+00
  0.000E+00  6.000E-04  0.000E+00
  0.000E+00  5.000E-06  0.000E+00
  0.000E+00  6.000E-05  0.000E+00
  0.000E+00  2.000E-05  0.000E+00
  0.000E+00  1.900E-05  0.000E+00
  0.000E+00  2.040E-04  0.000E+00
  0.000E+00  1.750E-05  0.000E+00
  0.000E+00  1.900E-05  0.000E+00
  0.000E+00  4.000E-04  0.000E+00
 CLOUD COVER RATE OF SUBLAYER
  0.000E+00
 GAS CONCENTRATIONS PPMV
  2.015E+00  3.273E+02  2.288E-01  5.074E-04  7.402E-01  1.502E-01  2.084E+05
    80.0  1.185E-05  174.10 : Z P T
 PARTICLE PARAMETERS
  0.000E+00  8.000E-04  0.000E+00
  0.000E+00  2.000E-03  0.000E+00
  0.000E+00  6.000E-04  0.000E+00
  0.000E+00  5.000E-06  0.000E+00
  0.000E+00  6.000E-05  0.000E+00
  0.000E+00  2.000E-05  0.000E+00
  0.000E+00  1.900E-05  0.000E+00
  0.000E+00  2.040E-04  0.000E+00
  0.000E+00  1.750E-05  0.000E+00
  0.000E+00  1.900E-05  0.000E+00
  0.000E+00  4.000E-04  0.000E+00
 CLOUD COVER RATE OF SUBLAYER
  0.000E+00
 GAS CONCENTRATIONS PPMV
  2.186E+00  3.285E+02  1.824E-01  5.264E-04  6.305E-01  1.499E-01  2.093E+05
    79.0  1.436E-05  177.71 : Z P T
 PARTICLE PARAMETERS
  0.000E+00  8.000E-04  0.000E+00
  0.000E+00  2.000E-03  0.000E+00
  0.000E+00  6.000E-04  0.000E+00
  0.000E+00  5.000E-06  0.000E+00
  0.000E+00  6.000E-05  0.000E+00
  0.000E+00  2.000E-05  0.000E+00
  0.000E+00  1.900E-05  0.000E+00
  0.000E+00  2.040E-04  0.000E+00
  0.000E+00  1.750E-05  0.000E+00
  0.000E+00  1.900E-05  0.000E+00
  0.000E+00  4.000E-04  0.000E+00
 CLOUD COVER RATE OF SUBLAYER
  0.000E+00
 GAS CONCENTRATIONS PPMV
  2.359E+00  3.292E+02  1.574E-01  5.465E-04  5.354E-01  1.498E-01  2.097E+05
    78.0  1.734E-05  181.93 : Z P T
 PARTICLE PARAMETERS
  0.000E+00  8.000E-04  0.000E+00
  0.000E+00  2.000E-03  0.000E+00
  0.000E+00  6.000E-04  0.000E+00
  0.000E+00  5.000E-06  0.000E+00
  0.000E+00  6.000E-05  0.000E+00
  0.000E+00  2.000E-05  0.000E+00
  0.000E+00  1.900E-05  0.000E+00
  0.000E+00  2.040E-04  0.000E+00
  0.000E+00  1.750E-05  0.000E+00
  0.000E+00  1.900E-05  0.000E+00
  0.000E+00  4.000E-04  0.000E+00
 CLOUD COVER RATE OF SUBLAYER
  0.000E+00
 GAS CONCENTRATIONS PPMV
  2.531E+00  3.297E+02  1.510E-01  5.679E-04  4.532E-01  1.498E-01  2.096E+05
    77.0  2.084E-05  186.54 : Z P T
 PARTICLE PARAMETERS
  0.000E+00  8.000E-04  0.000E+00
  0.000E+00  2.000E-03  0.000E+00
  0.000E+00  6.000E-04  0.000E+00
  0.000E+00  5.000E-06  0.000E+00
  0.000E+00  6.000E-05  0.000E+00
  0.000E+00  2.000E-05  0.000E+00
  0.000E+00  1.900E-05  0.000E+00
  0.000E+00  2.040E-04  0.000E+00
  0.000E+00  1.750E-05  0.000E+00
  0.000E+00  1.900E-05  0.000E+00
  0.000E+00  4.000E-04  0.000E+00
 CLOUD COVER RATE OF SUBLAYER
  0.000E+00
 GAS CONCENTRATIONS PPMV
  2.701E+00  3.299E+02  1.593E-01  5.903E-04  3.825E-01  1.499E-01  2.094E+05
    76.0  2.491E-05  191.33 : Z P T
 PARTICLE PARAMETERS
  0.000E+00  8.000E-04  0.000E+00
  0.000E+00  2.000E-03  0.000E+00
  0.000E+00  6.000E-04  0.000E+00
  0.000E+00  5.000E-06  0.000E+00
  0.000E+00  6.000E-05  0.000E+00
  0.000E+00  2.000E-05  0.000E+00
  0.000E+00  1.900E-05  0.000E+00
  0.000E+00  2.040E-04  0.000E+00
  0.000E+00  1.750E-05  0.000E+00
  0.000E+00  1.900E-05  0.000E+00
  0.000E+00  4.000E-04  0.000E+00
 CLOUD COVER RATE OF SUBLAYER
  0.000E+00
 GAS CONCENTRATIONS PPMV
  2.868E+00  3.300E+02  1.783E-01  6.137E-04  3.216E-01  1.500E-01  2.091E+05
    75.0  2.962E-05  196.10 : Z P T
 PARTICLE PARAMETERS
  0.000E+00  8.000E-04  0.000E+00
  0.000E+00  2.000E-03  0.000E+00
  0.000E+00  6.000E-04  0.000E+00
  0.000E+00  5.000E-06  0.000E+00
  0.000E+00  6.000E-05  0.000E+00
  0.000E+00  2.000E-05  0.000E+00
  0.000E+00  1.900E-05  0.000E+00
  0.000E+00  2.040E-04  0.000E+00
  0.000E+00  1.750E-05  0.000E+00
  0.000E+00  1.900E-05  0.000E+00
  0.000E+00  4.000E-04  0.000E+00
 CLOUD COVER RATE OF SUBLAYER
  0.000E+00
 GAS CONCENTRATIONS PPMV
  3.029E+00  3.300E+02  2.046E-01  6.382E-04  2.693E-01  1.500E-01  2.089E+05
    74.0  3.502E-05  200.68 : Z P T
 PARTICLE PARAMETERS
  0.000E+00  8.000E-04  0.000E+00
  0.000E+00  2.000E-03  0.000E+00
  0.000E+00  6.000E-04  0.000E+00
  0.000E+00  5.000E-06  0.000E+00
  0.000E+00  6.000E-05  0.000E+00
  0.000E+00  2.000E-05  0.000E+00
  0.000E+00  1.900E-05  0.000E+00
  0.000E+00  2.040E-04  0.000E+00
  0.000E+00  1.750E-05  0.000E+00
  0.000E+00  1.900E-05  0.000E+00
  0.000E+00  4.000E-04  0.000E+00
 CLOUD COVER RATE OF SUBLAYER
  0.000E+00
 GAS CONCENTRATIONS PPMV
  3.185E+00  3.300E+02  2.366E-01  6.642E-04  2.243E-01  1.500E-01  2.088E+05
    73.0  4.124E-05  205.09 : Z P T
 PARTICLE PARAMETERS
  0.000E+00  8.000E-04  0.000E+00
  0.000E+00  2.000E-03  0.000E+00
  0.000E+00  6.000E-04  0.000E+00
  0.000E+00  5.000E-06  0.000E+00
  0.000E+00  6.000E-05  0.000E+00
  0.000E+00  2.000E-05  0.000E+00
  0.000E+00  1.900E-05  0.000E+00
  0.000E+00  2.040E-04  0.000E+00
  0.000E+00  1.750E-05  0.000E+00
  0.000E+00  1.900E-05  0.000E+00
  0.000E+00  4.000E-04  0.000E+00
 CLOUD COVER RATE OF SUBLAYER
  0.000E+00
 GAS CONCENTRATIONS PPMV
  3.336E+00  3.300E+02  2.746E-01  6.923E-04  1.863E-01  1.500E-01  2.088E+05
    72.0  4.842E-05  209.42 : Z P T
 PARTICLE PARAMETERS
  0.000E+00  8.000E-04  0.000E+00
  0.000E+00  2.000E-03  0.000E+00
  0.000E+00  6.000E-04  0.000E+00
  0.000E+00  5.000E-06  0.000E+00
  0.000E+00  6.000E-05  0.000E+00
  0.000E+00  2.000E-05  0.000E+00
  0.000E+00  1.900E-05  0.000E+00
  0.000E+00  2.040E-04  0.000E+00
  0.000E+00  1.750E-05  0.000E+00
  0.000E+00  1.900E-05  0.000E+00
  0.000E+00  4.000E-04  0.000E+00
 CLOUD COVER RATE OF SUBLAYER
  0.000E+00
 GAS CONCENTRATIONS PPMV
  3.483E+00  3.300E+02  3.194E-01  7.235E-04  1.547E-01  1.500E-01  2.089E+05
    71.0  5.667E-05  213.73 : Z P T
 PARTICLE PARAMETERS
  0.000E+00  8.000E-04  0.000E+00
  0.000E+00  2.000E-03  0.000E+00
  0.000E+00  6.000E-04  0.000E+00
  0.000E+00  5.000E-06  0.000E+00
  0.000E+00  6.000E-05  0.000E+00
  0.000E+00  2.000E-05  0.000E+00
  0.000E+00  1.900E-05  0.000E+00
  0.000E+00  2.040E-04  0.000E+00
  0.000E+00  1.750E-05  0.000E+00
  0.000E+00  1.900E-05  0.000E+00
  0.000E+00  4.000E-04  0.000E+00
 CLOUD COVER RATE OF SUBLAYER
  0.000E+00
 GAS CONCENTRATIONS PPMV
  3.628E+00  3.300E+02  3.718E-01  7.586E-04  1.291E-01  1.500E-01  2.090E+05
    70.0  6.614E-05  218.10 : Z P T
 PARTICLE PARAMETERS
  0.000E+00  8.000E-04  0.000E+00
  0.000E+00  2.000E-03  0.000E+00
  0.000E+00  6.000E-04  0.000E+00
  0.000E+00  5.000E-06  0.000E+00
  0.000E+00  6.000E-05  0.000E+00
  0.000E+00  2.000E-05  0.000E+00
  0.000E+00  1.900E-05  0.000E+00
  0.000E+00  2.040E-04  0.000E+00
  0.000E+00  1.750E-05  0.000E+00
  0.000E+00  1.900E-05  0.000E+00
  0.000E+00  4.000E-04  0.000E+00
 CLOUD COVER RATE OF SUBLAYER
  0.000E+00
 GAS CONCENTRATIONS PPMV
  3.771E+00  3.300E+02  4.324E-01  7.982E-04  1.089E-01  1.500E-01  2.090E+05
    69.0  7.696E-05  222.58 : Z P T
 PARTICLE PARAMETERS
  0.000E+00  8.000E-04  0.000E+00
  0.000E+00  2.000E-03  0.000E+00
  0.000E+00  6.000E-04  0.000E+00
  0.000E+00  5.000E-06  0.000E+00
  0.000E+00  6.000E-05  0.000E+00
  0.000E+00  2.000E-05  0.000E+00
  0.000E+00  1.900E-05  0.000E+00
  0.000E+00  2.040E-04  0.000E+00
  0.000E+00  1.750E-05  0.000E+00
  0.000E+00  1.900E-05  0.000E+00
  0.000E+00  4.000E-04  0.000E+00
 CLOUD COVER RATE OF SUBLAYER
  0.000E+00
 GAS CONCENTRATIONS PPMV
  3.914E+00  3.300E+02  5.013E-01  8.424E-04  9.342E-02  1.500E-01  2.090E+05
    68.0  8.930E-05  227.10 : Z P T
 PARTICLE PARAMETERS
  0.000E+00  8.000E-04  0.000E+00
  0.000E+00  2.000E-03  0.000E+00
  0.000E+00  6.000E-04  0.000E+00
  0.000E+00  5.000E-06  0.000E+00
  0.000E+00  6.000E-05  0.000E+00
  0.000E+00  2.000E-05  0.000E+00
  0.000E+00  1.900E-05  0.000E+00
  0.000E+00  2.040E-04  0.000E+00
  0.000E+00  1.750E-05  0.000E+00
  0.000E+00  1.900E-05  0.000E+00
  0.000E+00  4.000E-04  0.000E+00
 CLOUD COVER RATE OF SUBLAYER
  0.000E+00
 GAS CONCENTRATIONS PPMV
  4.055E+00  3.300E+02  5.780E-01  8.903E-04  8.184E-02  1.501E-01  2.090E+05
    67.0  1.033E-04  231.58 : Z P T
 PARTICLE PARAMETERS
  0.000E+00  8.000E-04  0.000E+00
  0.000E+00  2.000E-03  0.000E+00
  0.000E+00  6.000E-04  0.000E+00
  0.000E+00  5.000E-06  0.000E+00
  0.000E+00  6.000E-05  0.000E+00
  0.000E+00  2.000E-05  0.000E+00
  0.000E+00  1.900E-05  0.000E+00
  0.000E+00  2.040E-04  0.000E+00
  0.000E+00  1.750E-05  0.000E+00
  0.000E+00  1.900E-05  0.000E+00
  0.000E+00  4.000E-04  0.000E+00
 CLOUD COVER RATE OF SUBLAYER
  0.000E+00
 GAS CONCENTRATIONS PPMV
  4.195E+00  3.300E+02  6.621E-01  9.410E-04  7.328E-02  1.501E-01  2.090E+05
    66.0  1.193E-04  235.95 : Z P T
 PARTICLE PARAMETERS
  0.000E+00  8.000E-04  0.000E+00
  0.000E+00  2.000E-03  0.000E+00
  0.000E+00  6.000E-04  0.000E+00
  0.000E+00  5.000E-06  0.000E+00
  0.000E+00  6.000E-05  0.000E+00
  0.000E+00  2.000E-05  0.000E+00
  0.000E+00  1.900E-05  0.000E+00
  0.000E+00  2.040E-04  0.000E+00
  0.000E+00  1.750E-05  0.000E+00
  0.000E+00  1.900E-05  0.000E+00
  0.000E+00  4.000E-04  0.000E+00
 CLOUD COVER RATE OF SUBLAYER
  0.000E+00
 GAS CONCENTRATIONS PPMV
  4.332E+00  3.300E+02  7.529E-01  9.934E-04  6.684E-02  1.500E-01  2.090E+05
    65.0  1.372E-04  240.10 : Z P T
 PARTICLE PARAMETERS
  0.000E+00  8.000E-04  0.000E+00
  0.000E+00  2.000E-03  0.000E+00
  0.000E+00  6.000E-04  0.000E+00
  0.000E+00  5.000E-06  0.000E+00
  0.000E+00  6.000E-05  0.000E+00
  0.000E+00  2.000E-05  0.000E+00
  0.000E+00  1.900E-05  0.000E+00
  0.000E+00  2.040E-04  0.000E+00
  0.000E+00  1.750E-05  0.000E+00
  0.000E+00  1.900E-05  0.000E+00
  0.000E+00  4.000E-04  0.000E+00
 CLOUD COVER RATE OF SUBLAYER
  0.000E+00
 GAS CONCENTRATIONS PPMV
  4.467E+00  3.300E+02  8.499E-01  1.047E-03  6.170E-02  1.499E-01  2.090E+05
    64.0  1.574E-04  243.98 : Z P T
 PARTICLE PARAMETERS
  0.000E+00  8.000E-04  0.000E+00
  0.000E+00  2.000E-03  0.000E+00
  0.000E+00  6.000E-04  0.000E+00
  0.000E+00  5.000E-06  0.000E+00
  0.000E+00  6.000E-05  0.000E+00
  0.000E+00  2.000E-05  0.000E+00
  0.000E+00  1.900E-05  0.000E+00
  0.000E+00  2.040E-04  0.000E+00
  0.000E+00  1.750E-05  0.000E+00
  0.000E+00  1.900E-05  0.000E+00
  0.000E+00  4.000E-04  0.000E+00
 CLOUD COVER RATE OF SUBLAYER
  0.000E+00
 GAS CONCENTRATIONS PPMV
  4.598E+00  3.300E+02  9.511E-01  1.105E-03  5.737E-02  1.498E-01  2.090E+05
    63.0  1.803E-04  247.59 : Z P T
 PARTICLE PARAMETERS
  0.000E+00  8.000E-04  0.000E+00
  0.000E+00  2.000E-03  0.000E+00
  0.000E+00  6.000E-04  0.000E+00
  0.000E+00  5.000E-06  0.000E+00
  0.000E+00  6.000E-05  0.000E+00
  0.000E+00  2.000E-05  0.000E+00
  0.000E+00  1.900E-05  0.000E+00
  0.000E+00  2.040E-04  0.000E+00
  0.000E+00  1.750E-05  0.000E+00
  0.000E+00  1.900E-05  0.000E+00
  0.000E+00  4.000E-04  0.000E+00
 CLOUD COVER RATE OF SUBLAYER
  0.000E+00
 GAS CONCENTRATIONS PPMV
  4.723E+00  3.300E+02  1.054E+00  1.170E-03  5.370E-02  1.497E-01  2.090E+05
    62.0  2.062E-04  250.96 : Z P T
 PARTICLE PARAMETERS
  0.000E+00  8.000E-04  0.000E+00
  0.000E+00  2.000E-03  0.000E+00
  0.000E+00  6.000E-04  0.000E+00
  0.000E+00  5.000E-06  0.000E+00
  0.000E+00  6.000E-05  0.000E+00
  0.000E+00  2.000E-05  0.000E+00
  0.000E+00  1.900E-05  0.000E+00
  0.000E+00  2.040E-04  0.000E+00
  0.000E+00  1.750E-05  0.000E+00
  0.000E+00  1.900E-05  0.000E+00
  0.000E+00  4.000E-04  0.000E+00
 CLOUD COVER RATE OF SUBLAYER
  0.000E+00
 GAS CONCENTRATIONS PPMV
  4.841E+00  3.300E+02  1.156E+00  1.248E-03  5.058E-02  1.497E-01  2.090E+05
    61.0  2.354E-04  254.13 : Z P T
 PARTICLE PARAMETERS
  0.000E+00  8.000E-04  0.000E+00
  0.000E+00  2.000E-03  0.000E+00
  0.000E+00  6.000E-04  0.000E+00
  0.000E+00  5.000E-06  0.000E+00
  0.000E+00  6.000E-05  0.000E+00
  0.000E+00  2.000E-05  0.000E+00
  0.000E+00  1.900E-05  0.000E+00
  0.000E+00  2.040E-04  0.000E+00
  0.000E+00  1.750E-05  0.000E+00
  0.000E+00  1.900E-05  0.000E+00
  0.000E+00  4.000E-04  0.000E+00
 CLOUD COVER RATE OF SUBLAYER
  0.000E+00
 GAS CONCENTRATIONS PPMV
  4.949E+00  3.300E+02  1.253E+00  1.344E-03  4.794E-02  1.499E-01  2.090E+05
    60.0  2.685E-04  257.10 : Z P T
 PARTICLE PARAMETERS
  0.000E+00  8.000E-04  0.000E+00
  0.000E+00  2.000E-03  0.000E+00
  0.000E+00  6.000E-04  0.000E+00
  0.000E+00  5.000E-06  0.000E+00
  0.000E+00  6.000E-05  0.000E+00
  0.000E+00  2.000E-05  0.000E+00
  0.000E+00  1.900E-05  0.000E+00
  0.000E+00  2.040E-04  0.000E+00
  0.000E+00  1.750E-05  0.000E+00
  0.000E+00  1.900E-05  0.000E+00
  0.000E+00  4.000E-04  0.000E+00
 CLOUD COVER RATE OF SUBLAYER
  0.000E+00
 GAS CONCENTRATIONS PPMV
  5.045E+00  3.300E+02  1.344E+00  1.461E-03  4.569E-02  1.503E-01  2.090E+05
    59.0  3.058E-04  259.91 : Z P T
 PARTICLE PARAMETERS
  0.000E+00  8.000E-04  0.000E+00
  0.000E+00  2.000E-03  0.000E+00
  0.000E+00  6.000E-04  0.000E+00
  0.000E+00  5.000E-06  0.000E+00
  0.000E+00  6.000E-05  0.000E+00
  0.000E+00  2.000E-05  0.000E+00
  0.000E+00  1.900E-05  0.000E+00
  0.000E+00  2.040E-04  0.000E+00
  0.000E+00  1.750E-05  0.000E+00
  0.000E+00  1.900E-05  0.000E+00
  0.000E+00  4.000E-04  0.000E+00
 CLOUD COVER RATE OF SUBLAYER
  0.000E+00
 GAS CONCENTRATIONS PPMV
  5.130E+00  3.300E+02  1.431E+00  1.596E-03  4.376E-02  1.510E-01  2.090E+05
    58.0  3.479E-04  262.55 : Z P T
 PARTICLE PARAMETERS
  0.000E+00  8.000E-04  0.000E+00
  0.000E+00  2.000E-03  0.000E+00
  0.000E+00  6.000E-04  0.000E+00
  0.000E+00  5.000E-06  0.000E+00
  0.000E+00  6.000E-05  0.000E+00
  0.000E+00  2.000E-05  0.000E+00
  0.000E+00  1.900E-05  0.000E+00
  0.000E+00  2.040E-04  0.000E+00
  0.000E+00  1.750E-05  0.000E+00
  0.000E+00  1.900E-05  0.000E+00
  0.000E+00  4.000E-04  0.000E+00
 CLOUD COVER RATE OF SUBLAYER
  0.000E+00
 GAS CONCENTRATIONS PPMV
  5.204E+00  3.300E+02  1.520E+00  1.737E-03  4.214E-02  1.522E-01  2.090E+05
    57.0  3.953E-04  265.00 : Z P T
 PARTICLE PARAMETERS
  0.000E+00  8.000E-04  0.000E+00
  0.000E+00  2.000E-03  0.000E+00
  0.000E+00  6.000E-04  0.000E+00
  0.000E+00  5.000E-06  0.000E+00
  0.000E+00  6.000E-05  0.000E+00
  0.000E+00  2.000E-05  0.000E+00
  0.000E+00  1.900E-05  0.000E+00
  0.000E+00  2.040E-04  0.000E+00
  0.000E+00  1.750E-05  0.000E+00
  0.000E+00  1.900E-05  0.000E+00
  0.000E+00  4.000E-04  0.000E+00
 CLOUD COVER RATE OF SUBLAYER
  0.000E+00
 GAS CONCENTRATIONS PPMV
  5.268E+00  3.300E+02  1.619E+00  1.869E-03  4.080E-02  1.538E-01  2.090E+05
    56.0  4.486E-04  267.26 : Z P T
 PARTICLE PARAMETERS
  0.000E+00  8.000E-04  0.000E+00
  0.000E+00  2.000E-03  0.000E+00
  0.000E+00  6.000E-04  0.000E+00
  0.000E+00  5.000E-06  0.000E+00
  0.000E+00  6.000E-05  0.000E+00
  0.000E+00  2.000E-05  0.000E+00
  0.000E+00  1.900E-05  0.000E+00
  0.000E+00  2.040E-04  0.000E+00
  0.000E+00  1.750E-05  0.000E+00
  0.000E+00  1.900E-05  0.000E+00
  0.000E+00  4.000E-04  0.000E+00
 CLOUD COVER RATE OF SUBLAYER
  0.000E+00
 GAS CONCENTRATIONS PPMV
  5.324E+00  3.300E+02  1.736E+00  1.981E-03  3.971E-02  1.561E-01  2.090E+05
    55.0  5.084E-04  269.30 : Z P T
 PARTICLE PARAMETERS
  0.000E+00  8.000E-04  0.000E+00
  0.000E+00  2.000E-03  0.000E+00
  0.000E+00  6.000E-04  0.000E+00
  0.000E+00  5.000E-06  0.000E+00
  0.000E+00  6.000E-05  0.000E+00
  0.000E+00  2.000E-05  0.000E+00
  0.000E+00  1.900E-05  0.000E+00
  0.000E+00  2.040E-04  0.000E+00
  0.000E+00  1.750E-05  0.000E+00
  0.000E+00  1.900E-05  0.000E+00
  0.000E+00  4.000E-04  0.000E+00
 CLOUD COVER RATE OF SUBLAYER
  0.000E+00
 GAS CONCENTRATIONS PPMV
  5.373E+00  3.300E+02  1.877E+00  2.065E-03  3.886E-02  1.591E-01  2.090E+05
    54.0  5.754E-04  271.12 : Z P T
 PARTICLE PARAMETERS
  0.000E+00  8.000E-04  0.000E+00
  0.000E+00  2.000E-03  0.000E+00
  0.000E+00  6.000E-04  0.000E+00
  0.000E+00  5.000E-06  0.000E+00
  0.000E+00  6.000E-05  0.000E+00
  0.000E+00  2.000E-05  0.000E+00
  0.000E+00  1.900E-05  0.000E+00
  0.000E+00  2.040E-04  0.000E+00
  0.000E+00  1.750E-05  0.000E+00
  0.000E+00  1.900E-05  0.000E+00
  0.000E+00  4.000E-04  0.000E+00
 CLOUD COVER RATE OF SUBLAYER
  0.000E+00
 GAS CONCENTRATIONS PPMV
  5.414E+00  3.300E+02  2.045E+00  2.145E-03  3.819E-02  1.632E-01  2.090E+05
    53.0  6.507E-04  272.69 : Z P T
 PARTICLE PARAMETERS
  0.000E+00  8.000E-04  0.000E+00
  0.000E+00  2.000E-03  0.000E+00
  0.000E+00  6.000E-04  0.000E+00
  0.000E+00  5.000E-06  0.000E+00
  0.000E+00  6.000E-05  0.000E+00
  0.000E+00  2.000E-05  0.000E+00
  0.000E+00  1.900E-05  0.000E+00
  0.000E+00  2.040E-04  0.000E+00
  0.000E+00  1.750E-05  0.000E+00
  0.000E+00  1.900E-05  0.000E+00
  0.000E+00  4.000E-04  0.000E+00
 CLOUD COVER RATE OF SUBLAYER
  0.000E+00
 GAS CONCENTRATIONS PPMV
  5.448E+00  3.300E+02  2.236E+00  2.278E-03  3.765E-02  1.690E-01  2.090E+05
    52.0  7.355E-04  273.99 : Z P T
 PARTICLE PARAMETERS
  0.000E+00  8.000E-04  0.000E+00
  0.000E+00  2.000E-03  0.000E+00
  0.000E+00  6.000E-04  0.000E+00
  0.000E+00  5.000E-06  0.000E+00
  0.000E+00  6.000E-05  0.000E+00
  0.000E+00  2.000E-05  0.000E+00
  0.000E+00  1.900E-05  0.000E+00
  0.000E+00  2.040E-04  0.000E+00
  0.000E+00  1.750E-05  0.000E+00
  0.000E+00  1.900E-05  0.000E+00
  0.000E+00  4.000E-04  0.000E+00
 CLOUD COVER RATE OF SUBLAYER
  0.000E+00
 GAS CONCENTRATIONS PPMV
  5.475E+00  3.300E+02  2.449E+00  2.525E-03  3.718E-02  1.771E-01  2.090E+05
    51.0  8.311E-04  275.00 : Z P T
 PARTICLE PARAMETERS
  0.000E+00  8.000E-04  0.000E+00
  0.000E+00  2.000E-03  0.000E+00
  0.000E+00  6.000E-04  0.000E+00
  0.000E+00  5.000E-06  0.000E+00
  0.000E+00  6.000E-05  0.000E+00
  0.000E+00  2.000E-05  0.000E+00
  0.000E+00  1.900E-05  0.000E+00
  0.000E+00  2.040E-04  0.000E+00
  0.000E+00  1.750E-05  0.000E+00
  0.000E+00  1.900E-05  0.000E+00
  0.000E+00  4.000E-04  0.000E+00
 CLOUD COVER RATE OF SUBLAYER
  0.000E+00
 GAS CONCENTRATIONS PPMV
  5.493E+00  3.300E+02  2.680E+00  2.950E-03  3.670E-02  1.881E-01  2.090E+05
    50.0  9.388E-04  275.70 : Z P T
 PARTICLE PARAMETERS
  0.000E+00  8.000E-04  0.000E+00
  0.000E+00  2.000E-03  0.000E+00
  0.000E+00  6.000E-04  0.000E+00
  0.000E+00  5.000E-06  0.000E+00
  0.000E+00  6.000E-05  0.000E+00
  0.000E+00  2.000E-05  0.000E+00
  0.000E+00  1.900E-05  0.000E+00
  0.000E+00  2.040E-04  0.000E+00
  0.000E+00  1.750E-05  0.000E+00
  0.000E+00  1.900E-05  0.000E+00
  0.000E+00  4.000E-04  0.000E+00
 CLOUD COVER RATE OF SUBLAYER
  0.000E+00
 GAS CONCENTRATIONS PPMV
  5.503E+00  3.300E+02  2.928E+00  3.598E-03  3.616E-02  2.024E-01  2.090E+05
    49.0  1.060E-03  276.01 : Z P T
 PARTICLE PARAMETERS
  0.000E+00  8.000E-04  0.000E+00
  0.000E+00  2.000E-03  0.000E+00
  0.000E+00  6.000E-04  0.000E+00
  0.000E+00  5.000E-06  0.000E+00
  0.000E+00  6.000E-05  0.000E+00
  0.000E+00  2.000E-05  0.000E+00
  0.000E+00  1.900E-05  0.000E+00
  0.000E+00  2.040E-04  0.000E+00
  0.000E+00  1.750E-05  0.000E+00
  0.000E+00  1.900E-05  0.000E+00
  0.000E+00  4.000E-04  0.000E+00
 CLOUD COVER RATE OF SUBLAYER
  0.000E+00
 GAS CONCENTRATIONS PPMV
  5.504E+00  3.300E+02  3.199E+00  4.427E-03  3.554E-02  2.196E-01  2.090E+05
    48.0  1.198E-03  275.69 : Z P T
 PARTICLE PARAMETERS
  0.000E+00  8.000E-04  0.000E+00
  0.000E+00  2.000E-03  0.000E+00
  0.000E+00  6.000E-04  0.000E+00
  0.000E+00  5.000E-06  0.000E+00
  0.000E+00  6.000E-05  0.000E+00
  0.000E+00  2.000E-05  0.000E+00
  0.000E+00  1.900E-05  0.000E+00
  0.000E+00  2.040E-04  0.000E+00
  0.000E+00  1.750E-05  0.000E+00
  0.000E+00  1.900E-05  0.000E+00
  0.000E+00  4.000E-04  0.000E+00
 CLOUD COVER RATE OF SUBLAYER
  0.000E+00
 GAS CONCENTRATIONS PPMV
  5.499E+00  3.300E+02  3.506E+00  5.313E-03  3.487E-02  2.384E-01  2.090E+05
    47.0  1.355E-03  274.45 : Z P T
 PARTICLE PARAMETERS
  0.000E+00  8.000E-04  0.000E+00
  0.000E+00  2.000E-03  0.000E+00
  0.000E+00  6.000E-04  0.000E+00
  0.000E+00  5.000E-06  0.000E+00
  0.000E+00  6.000E-05  0.000E+00
  0.000E+00  2.000E-05  0.000E+00
  0.000E+00  1.900E-05  0.000E+00
  0.000E+00  2.040E-04  0.000E+00
  0.000E+00  1.750E-05  0.000E+00
  0.000E+00  1.900E-05  0.000E+00
  0.000E+00  4.000E-04  0.000E+00
 CLOUD COVER RATE OF SUBLAYER
  0.000E+00
 GAS CONCENTRATIONS PPMV
  5.487E+00  3.300E+02  3.863E+00  6.193E-03  3.415E-02  2.578E-01  2.090E+05
    46.0  1.534E-03  272.38 : Z P T
 PARTICLE PARAMETERS
  0.000E+00  8.000E-04  0.000E+00
  0.000E+00  2.000E-03  0.000E+00
  0.000E+00  6.000E-04  0.000E+00
  0.000E+00  5.000E-06  0.000E+00
  0.000E+00  6.000E-05  0.000E+00
  0.000E+00  2.000E-05  0.000E+00
  0.000E+00  1.900E-05  0.000E+00
  0.000E+00  2.040E-04  0.000E+00
  0.000E+00  1.750E-05  0.000E+00
  0.000E+00  1.900E-05  0.000E+00
  0.000E+00  4.000E-04  0.000E+00
 CLOUD COVER RATE OF SUBLAYER
  0.000E+00
 GAS CONCENTRATIONS PPMV
  5.465E+00  3.300E+02  4.278E+00  7.148E-03  3.343E-02  2.774E-01  2.090E+05
    45.0  1.737E-03  269.90 : Z P T
 PARTICLE PARAMETERS
  0.000E+00  8.000E-04  0.000E+00
  0.000E+00  2.000E-03  0.000E+00
  0.000E+00  6.000E-04  0.000E+00
  0.000E+00  5.000E-06  0.000E+00
  0.000E+00  6.000E-05  0.000E+00
  0.000E+00  2.000E-05  0.000E+00
  0.000E+00  1.900E-05  0.000E+00
  0.000E+00  2.040E-04  0.000E+00
  0.000E+00  1.750E-05  0.000E+00
  0.000E+00  1.900E-05  0.000E+00
  0.000E+00  4.000E-04  0.000E+00
 CLOUD COVER RATE OF SUBLAYER
  0.000E+00
 GAS CONCENTRATIONS PPMV
  5.426E+00  3.300E+02  4.755E+00  8.327E-03  3.272E-02  2.975E-01  2.090E+05
    44.0  1.969E-03  267.40 : Z P T
 PARTICLE PARAMETERS
  0.000E+00  8.000E-04  0.000E+00
  0.000E+00  2.000E-03  0.000E+00
  0.000E+00  6.000E-04  0.000E+00
  0.000E+00  5.000E-06  0.000E+00
  0.000E+00  6.000E-05  0.000E+00
  0.000E+00  2.000E-05  0.000E+00
  0.000E+00  1.900E-05  0.000E+00
  0.000E+00  2.040E-04  0.000E+00
  0.000E+00  1.750E-05  0.000E+00
  0.000E+00  1.900E-05  0.000E+00
  0.000E+00  4.000E-04  0.000E+00
 CLOUD COVER RATE OF SUBLAYER
  0.000E+00
 GAS CONCENTRATIONS PPMV
  5.370E+00  3.300E+02  5.298E+00  9.812E-03  3.204E-02  3.180E-01  2.090E+05
    43.0  2.233E-03  264.93 : Z P T
 PARTICLE PARAMETERS
  0.000E+00  8.000E-04  0.000E+00
  0.000E+00  2.000E-03  0.000E+00
  0.000E+00  6.000E-04  0.000E+00
  0.000E+00  5.000E-06  0.000E+00
  0.000E+00  6.000E-05  0.000E+00
  0.000E+00  2.000E-05  0.000E+00
  0.000E+00  1.900E-05  0.000E+00
  0.000E+00  2.040E-04  0.000E+00
  0.000E+00  1.750E-05  0.000E+00
  0.000E+00  1.900E-05  0.000E+00
  0.000E+00  4.000E-04  0.000E+00
 CLOUD COVER RATE OF SUBLAYER
  0.000E+00
 GAS CONCENTRATIONS PPMV
  5.298E+00  3.300E+02  5.908E+00  1.162E-02  3.138E-02  3.389E-01  2.090E+05
    42.0  2.536E-03  262.47 : Z P T
 PARTICLE PARAMETERS
  0.000E+00  8.000E-04  0.000E+00
  0.000E+00  2.000E-03  0.000E+00
  0.000E+00  6.000E-04  0.000E+00
  0.000E+00  5.000E-06  0.000E+00
  0.000E+00  6.000E-05  0.000E+00
  0.000E+00  2.000E-05  0.000E+00
  0.000E+00  1.900E-05  0.000E+00
  0.000E+00  2.040E-04  0.000E+00
  0.000E+00  1.750E-05  0.000E+00
  0.000E+00  1.900E-05  0.000E+00
  0.000E+00  4.000E-04  0.000E+00
 CLOUD COVER RATE OF SUBLAYER
  0.000E+00
 GAS CONCENTRATIONS PPMV
  5.217E+00  3.300E+02  6.567E+00  1.374E-02  3.073E-02  3.599E-01  2.090E+05
    41.0  2.885E-03  259.99 : Z P T
 PARTICLE PARAMETERS
  0.000E+00  8.000E-04  0.000E+00
  0.000E+00  2.000E-03  0.000E+00
  0.000E+00  6.000E-04  0.000E+00
  0.000E+00  5.000E-06  0.000E+00
  0.000E+00  6.000E-05  0.000E+00
  0.000E+00  2.000E-05  0.000E+00
  0.000E+00  1.900E-05  0.000E+00
  0.000E+00  2.040E-04  0.000E+00
  0.000E+00  1.750E-05  0.000E+00
  0.000E+00  1.900E-05  0.000E+00
  0.000E+00  4.000E-04  0.000E+00
 CLOUD COVER RATE OF SUBLAYER
  0.000E+00
 GAS CONCENTRATIONS PPMV
  5.137E+00  3.300E+02  7.228E+00  1.611E-02  3.001E-02  3.810E-01  2.090E+05
    40.0  3.287E-03  257.50 : Z P T
 PARTICLE PARAMETERS
  0.000E+00  8.000E-04  0.000E+00
  0.000E+00  2.000E-03  0.000E+00
  0.000E+00  6.000E-04  0.000E+00
  0.000E+00  5.000E-06  0.000E+00
  0.000E+00  6.000E-05  0.000E+00
  0.000E+00  2.000E-05  0.000E+00
  0.000E+00  1.900E-05  0.000E+00
  0.000E+00  2.040E-04  0.000E+00
  0.000E+00  1.750E-05  0.000E+00
  0.000E+00  1.900E-05  0.000E+00
  0.000E+00  4.000E-04  0.000E+00
 CLOUD COVER RATE OF SUBLAYER
  0.000E+00
 GAS CONCENTRATIONS PPMV
  5.073E+00  3.300E+02  7.827E+00  1.872E-02  2.915E-02  4.022E-01  2.090E+05
    39.0  3.752E-03  255.01 : Z P T
 PARTICLE PARAMETERS
  0.000E+00  8.000E-04  0.000E+00
  0.000E+00  2.000E-03  0.000E+00
  0.000E+00  6.000E-04  0.000E+00
  0.000E+00  5.000E-06  0.000E+00
  0.000E+00  6.000E-05  0.000E+00
  0.000E+00  2.000E-05  0.000E+00
  0.000E+00  1.900E-05  0.000E+00
  0.000E+00  2.040E-04  0.000E+00
  0.000E+00  1.750E-05  0.000E+00
  0.000E+00  1.900E-05  0.000E+00
  0.000E+00  4.000E-04  0.000E+00
 CLOUD COVER RATE OF SUBLAYER
  0.000E+00
 GAS CONCENTRATIONS PPMV
  5.029E+00  3.300E+02  8.320E+00  2.168E-02  2.818E-02  4.236E-01  2.090E+05
    38.0  4.285E-03  252.53 : Z P T
 PARTICLE PARAMETERS
  0.000E+00  8.000E-04  0.000E+00
  0.000E+00  2.000E-03  0.000E+00
  0.000E+00  6.000E-04  0.000E+00
  0.000E+00  5.000E-06  0.000E+00
  0.000E+00  6.000E-05  0.000E+00
  0.000E+00  2.000E-05  0.000E+00
  0.000E+00  1.900E-05  0.000E+00
  0.000E+00  2.040E-04  0.000E+00
  0.000E+00  1.750E-05  0.000E+00
  0.000E+00  1.900E-05  0.000E+00
  0.000E+00  4.000E-04  0.000E+00
 CLOUD COVER RATE OF SUBLAYER
  0.000E+00
 GAS CONCENTRATIONS PPMV
  5.001E+00  3.300E+02  8.681E+00  2.531E-02  2.717E-02  4.454E-01  2.090E+05
    37.0  4.896E-03  250.09 : Z P T
 PARTICLE PARAMETERS
  0.000E+00  8.000E-04  0.000E+00
  0.000E+00  2.000E-03  0.000E+00
  0.000E+00  6.000E-04  0.000E+00
  0.000E+00  5.000E-06  0.000E+00
  0.000E+00  6.000E-05  0.000E+00
  0.000E+00  2.000E-05  0.000E+00
  0.000E+00  1.900E-05  0.000E+00
  0.000E+00  2.040E-04  0.000E+00
  0.000E+00  1.750E-05  0.000E+00
  0.000E+00  1.900E-05  0.000E+00
  0.000E+00  4.000E-04  0.000E+00
 CLOUD COVER RATE OF SUBLAYER
  0.000E+00
 GAS CONCENTRATIONS PPMV
  4.981E+00  3.300E+02  8.889E+00  2.969E-02  2.621E-02  4.674E-01  2.090E+05
    36.0  5.603E-03  247.67 : Z P T
 PARTICLE PARAMETERS
  0.000E+00  8.000E-04  0.000E+00
  0.000E+00  2.000E-03  0.000E+00
  0.000E+00  6.000E-04  0.000E+00
  0.000E+00  5.000E-06  0.000E+00
  0.000E+00  6.000E-05  0.000E+00
  0.000E+00  2.000E-05  0.000E+00
  0.000E+00  1.900E-05  0.000E+00
  0.000E+00  2.040E-04  0.000E+00
  0.000E+00  1.750E-05  0.000E+00
  0.000E+00  1.900E-05  0.000E+00
  0.000E+00  4.000E-04  0.000E+00
 CLOUD COVER RATE OF SUBLAYER
  0.000E+00
 GAS CONCENTRATIONS PPMV
  4.961E+00  3.300E+02  8.926E+00  3.451E-02  2.531E-02  4.896E-01  2.090E+05
    35.0  6.436E-03  245.20 : Z P T
 PARTICLE PARAMETERS
  0.000E+00  8.000E-04  0.000E+00
  0.000E+00  2.000E-03  0.000E+00
  0.000E+00  6.000E-04  0.000E+00
  0.000E+00  5.000E-06  0.000E+00
  0.000E+00  6.000E-05  0.000E+00
  0.000E+00  2.000E-05  0.000E+00
  0.000E+00  1.900E-05  0.000E+00
  0.000E+00  2.040E-04  0.000E+00
  0.000E+00  1.750E-05  0.000E+00
  0.000E+00  1.900E-05  0.000E+00
  0.000E+00  4.000E-04  0.000E+00
 CLOUD COVER RATE OF SUBLAYER
  0.000E+00
 GAS CONCENTRATIONS PPMV
  4.933E+00  3.300E+02  8.784E+00  3.929E-02  2.444E-02  5.120E-01  2.090E+05
    34.0  7.420E-03  242.66 : Z P T
 PARTICLE PARAMETERS
  0.000E+00  8.000E-04  0.000E+00
  0.000E+00  2.000E-03  0.000E+00
  0.000E+00  6.000E-04  0.000E+00
  0.000E+00  5.000E-06  0.000E+00
  0.000E+00  6.000E-05  0.000E+00
  0.000E+00  2.000E-05  0.000E+00
  0.000E+00  1.900E-05  0.000E+00
  0.000E+00  2.040E-04  0.000E+00
  0.000E+00  1.750E-05  0.000E+00
  0.000E+00  1.900E-05  0.000E+00
  0.000E+00  4.000E-04  0.000E+00
 CLOUD COVER RATE OF SUBLAYER
  0.000E+00
 GAS CONCENTRATIONS PPMV
  4.894E+00  3.300E+02  8.488E+00  4.416E-02  2.357E-02  5.350E-01  2.090E+05
    33.0  8.557E-03  240.17 : Z P T
 PARTICLE PARAMETERS
  0.000E+00  8.000E-04  0.000E+00
  0.000E+00  2.000E-03  0.000E+00
  0.000E+00  6.000E-04  0.000E+00
  0.000E+00  5.000E-06  0.000E+00
  0.000E+00  6.000E-05  0.000E+00
  0.000E+00  2.000E-05  0.000E+00
  0.000E+00  1.900E-05  0.000E+00
  0.000E+00  2.040E-04  0.000E+00
  0.000E+00  1.750E-05  0.000E+00
  0.000E+00  1.900E-05  0.000E+00
  0.000E+00  4.000E-04  0.000E+00
 CLOUD COVER RATE OF SUBLAYER
  0.000E+00
 GAS CONCENTRATIONS PPMV
  4.850E+00  3.300E+02  8.096E+00  4.975E-02  2.265E-02  5.595E-01  2.090E+05
    32.0  9.842E-03  237.89 : Z P T
 PARTICLE PARAMETERS
  0.000E+00  8.000E-04  0.000E+00
  0.000E+00  2.000E-03  0.000E+00
  0.000E+00  6.000E-04  0.000E+00
  0.000E+00  5.000E-06  0.000E+00
  0.000E+00  6.000E-05  0.000E+00
  0.000E+00  2.000E-05  0.000E+00
  0.000E+00  1.900E-05  0.000E+00
  0.000E+00  2.040E-04  0.000E+00
  0.000E+00  1.750E-05  0.000E+00
  0.000E+00  1.900E-05  0.000E+00
  0.000E+00  4.000E-04  0.000E+00
 CLOUD COVER RATE OF SUBLAYER
  0.000E+00
 GAS CONCENTRATIONS PPMV
  4.800E+00  3.300E+02  7.662E+00  5.637E-02  2.163E-02  5.865E-01  2.090E+05
    31.0  1.131E-02  235.80 : Z P T
 PARTICLE PARAMETERS
  0.000E+00  8.000E-04  0.000E+00
  0.000E+00  2.000E-03  0.000E+00
  0.000E+00  6.000E-04  0.000E+00
  0.000E+00  5.000E-06  0.000E+00
  0.000E+00  6.000E-05  0.000E+00
  0.000E+00  2.000E-05  0.000E+00
  0.000E+00  1.900E-05  0.000E+00
  0.000E+00  2.040E-04  0.000E+00
  0.000E+00  1.750E-05  0.000E+00
  0.000E+00  1.900E-05  0.000E+00
  0.000E+00  4.000E-04  0.000E+00
 CLOUD COVER RATE OF SUBLAYER
  0.000E+00
 GAS CONCENTRATIONS PPMV
  4.737E+00  3.300E+02  7.220E+00  6.345E-02  2.052E-02  6.161E-01  2.090E+05
    30.0  1.303E-02  233.70 : Z P T
 PARTICLE PARAMETERS
  0.000E+00  8.000E-04  0.000E+00
  0.000E+00  2.000E-03  0.000E+00
  0.000E+00  6.000E-04  0.000E+00
  0.000E+00  5.000E-06  0.000E+00
  0.000E+00  6.000E-05  0.000E+00
  0.000E+00  2.000E-05  0.000E+00
  0.000E+00  1.900E-05  0.000E+00
  0.000E+00  2.040E-04  0.000E+00
  0.000E+00  1.750E-05  0.000E+00
  0.000E+00  1.900E-05  0.000E+00
  0.000E+00  4.000E-04  0.000E+00
 CLOUD COVER RATE OF SUBLAYER
  0.000E+00
 GAS CONCENTRATIONS PPMV
  4.650E+00  3.300E+02  6.790E+00  7.005E-02  1.936E-02  6.477E-01  2.090E+05
    29.0  1.507E-02  231.49 : Z P T
 PARTICLE PARAMETERS
  0.000E+00  8.000E-04  0.000E+00
  0.000E+00  2.000E-03  0.000E+00
  0.000E+00  6.000E-04  0.000E+00
  0.000E+00  5.000E-06  0.000E+00
  0.000E+00  6.000E-05  0.000E+00
  0.000E+00  2.000E-05  0.000E+00
  0.000E+00  1.900E-05  0.000E+00
  0.000E+00  2.040E-04  0.000E+00
  0.000E+00  1.750E-05  0.000E+00
  0.000E+00  1.900E-05  0.000E+00
  0.000E+00  4.000E-04  0.000E+00
 CLOUD COVER RATE OF SUBLAYER
  0.000E+00
 GAS CONCENTRATIONS PPMV
  4.547E+00  3.300E+02  6.383E+00  7.559E-02  1.822E-02  6.784E-01  2.090E+05
    28.0  1.747E-02  229.38 : Z P T
 PARTICLE PARAMETERS
  0.000E+00  8.000E-04  0.000E+00
  0.000E+00  2.000E-03  0.000E+00
  0.000E+00  6.000E-04  0.000E+00
  0.000E+00  5.000E-06  0.000E+00
  0.000E+00  6.000E-05  0.000E+00
  0.000E+00  2.000E-05  0.000E+00
  0.000E+00  1.900E-05  0.000E+00
  0.000E+00  2.040E-04  0.000E+00
  0.000E+00  1.750E-05  0.000E+00
  0.000E+00  1.900E-05  0.000E+00
  0.000E+00  4.000E-04  0.000E+00
 CLOUD COVER RATE OF SUBLAYER
  0.000E+00
 GAS CONCENTRATIONS PPMV
  4.454E+00  3.300E+02  6.002E+00  7.991E-02  1.726E-02  7.035E-01  2.090E+05
    27.0  2.028E-02  227.64 : Z P T
 PARTICLE PARAMETERS
  0.000E+00  8.000E-04  0.000E+00
  0.000E+00  2.000E-03  0.000E+00
  0.000E+00  6.000E-04  0.000E+00
  0.000E+00  5.000E-06  0.000E+00
  0.000E+00  6.000E-05  0.000E+00
  0.000E+00  2.000E-05  0.000E+00
  0.000E+00  1.900E-05  0.000E+00
  0.000E+00  2.040E-04  0.000E+00
  0.000E+00  1.750E-05  0.000E+00
  0.000E+00  1.900E-05  0.000E+00
  0.000E+00  4.000E-04  0.000E+00
 CLOUD COVER RATE OF SUBLAYER
  0.000E+00
 GAS CONCENTRATIONS PPMV
  4.374E+00  3.300E+02  5.611E+00  8.339E-02  1.647E-02  7.255E-01  2.090E+05
    26.0  2.356E-02  226.30 : Z P T
 PARTICLE PARAMETERS
  0.000E+00  8.000E-04  0.000E+00
  0.000E+00  2.000E-03  0.000E+00
  0.000E+00  6.000E-04  0.000E+00
  0.000E+00  5.000E-06  0.000E+00
  0.000E+00  6.000E-05  0.000E+00
  0.000E+00  2.000E-05  0.000E+00
  0.000E+00  1.900E-05  0.000E+00
  0.000E+00  2.040E-04  0.000E+00
  0.000E+00  1.750E-05  0.000E+00
  0.000E+00  1.900E-05  0.000E+00
  0.000E+00  4.000E-04  0.000E+00
 CLOUD COVER RATE OF SUBLAYER
  0.000E+00
 GAS CONCENTRATIONS PPMV
  4.268E+00  3.300E+02  5.102E+00  8.730E-02  1.566E-02  7.630E-01  2.090E+05
    25.0  2.734E-02  225.10 : Z P T
 PARTICLE PARAMETERS
  0.000E+00  8.000E-04  0.000E+00
  0.000E+00  2.000E-03  0.000E+00
  0.000E+00  6.000E-04  0.000E+00
  0.000E+00  5.000E-06  0.000E+00
  0.000E+00  6.000E-05  0.000E+00
  0.000E+00  2.000E-05  0.000E+00
  0.000E+00  1.900E-05  0.000E+00
  0.000E+00  2.040E-04  0.000E+00
  0.000E+00  1.750E-05  0.000E+00
  0.000E+00  1.900E-05  0.000E+00
  0.000E+00  4.000E-04  0.000E+00
 CLOUD COVER RATE OF SUBLAYER
  0.000E+00
 GAS CONCENTRATIONS PPMV
  4.100E+00  3.300E+02  4.400E+00  9.290E-02  1.461E-02  8.344E-01  2.090E+05
    24.0  3.179E-02  223.90 : Z P T
 PARTICLE PARAMETERS
  0.000E+00  8.000E-04  0.000E+00
  0.000E+00  2.000E-03  0.000E+00
  0.000E+00  6.000E-04  0.000E+00
  0.000E+00  5.000E-06  0.000E+00
  0.000E+00  6.000E-05  0.000E+00
  0.000E+00  2.000E-05  0.000E+00
  0.000E+00  1.900E-05  0.000E+00
  0.000E+00  2.040E-04  0.000E+00
  0.000E+00  1.750E-05  0.000E+00
  0.000E+00  1.900E-05  0.000E+00
  0.000E+00  4.000E-04  0.000E+00
 CLOUD COVER RATE OF SUBLAYER
  0.000E+00
 GAS CONCENTRATIONS PPMV
  3.925E+00  3.300E+02  3.700E+00  9.986E-02  1.354E-02  9.265E-01  2.090E+05
    23.0  3.712E-02  222.80 : Z P T
 PARTICLE PARAMETERS
  0.000E+00  8.000E-04  0.000E+00
  0.000E+00  2.000E-03  0.000E+00
  0.000E+00  6.000E-04  0.000E+00
  0.000E+00  5.000E-06  0.000E+00
  0.000E+00  6.000E-05  0.000E+00
  0.000E+00  2.000E-05  0.000E+00
  0.000E+00  1.900E-05  0.000E+00
  0.000E+00  2.040E-04  0.000E+00
  0.000E+00  1.750E-05  0.000E+00
  0.000E+00  1.900E-05  0.000E+00
  0.000E+00  4.000E-04  0.000E+00
 CLOUD COVER RATE OF SUBLAYER
  0.000E+00
 GAS CONCENTRATIONS PPMV
  3.725E+00  3.300E+02  3.150E+00  1.090E-01  1.270E-02  1.019E+00  2.090E+05
    22.0  4.314E-02  221.60 : Z P T
 PARTICLE PARAMETERS
  0.000E+00  8.000E-04  0.000E+00
  0.000E+00  2.000E-03  0.000E+00
  0.000E+00  6.000E-04  0.000E+00
  0.000E+00  5.000E-06  0.000E+00
  0.000E+00  6.000E-05  0.000E+00
  0.000E+00  2.000E-05  0.000E+00
  0.000E+00  1.900E-05  0.000E+00
  0.000E+00  2.040E-04  0.000E+00
  0.000E+00  1.750E-05  0.000E+00
  0.000E+00  1.900E-05  0.000E+00
  0.000E+00  4.000E-04  0.000E+00
 CLOUD COVER RATE OF SUBLAYER
  0.000E+00
 GAS CONCENTRATIONS PPMV
  3.525E+00  3.300E+02  2.650E+00  1.234E-01  1.232E-02  1.110E+00  2.090E+05
    21.0  5.035E-02  220.40 : Z P T
 PARTICLE PARAMETERS
  0.000E+00  8.000E-04  0.000E+00
  0.000E+00  2.000E-03  0.000E+00
  0.000E+00  6.000E-04  0.000E+00
  0.000E+00  5.000E-06  0.000E+00
  0.000E+00  6.000E-05  0.000E+00
  0.000E+00  2.000E-05  0.000E+00
  0.000E+00  1.900E-05  0.000E+00
  0.000E+00  2.040E-04  0.000E+00
  0.000E+00  1.750E-05  0.000E+00
  0.000E+00  1.900E-05  0.000E+00
  0.000E+00  4.000E-04  0.000E+00
 CLOUD COVER RATE OF SUBLAYER
  0.000E+00
 GAS CONCENTRATIONS PPMV
  3.375E+00  3.300E+02  2.200E+00  1.465E-01  1.281E-02  1.189E+00  2.090E+05
    20.0  5.874E-02  219.20 : Z P T
 PARTICLE PARAMETERS
  0.000E+00  8.000E-04  0.000E+00
  0.000E+00  2.000E-03  0.000E+00
  0.000E+00  6.000E-04  0.000E+00
  0.000E+00  5.000E-06  0.000E+00
  0.000E+00  6.000E-05  0.000E+00
  0.000E+00  2.000E-05  0.000E+00
  0.000E+00  1.900E-05  0.000E+00
  0.000E+00  2.040E-04  0.000E+00
  0.000E+00  1.750E-05  0.000E+00
  0.000E+00  1.900E-05  0.000E+00
  0.000E+00  4.000E-04  0.000E+00
 CLOUD COVER RATE OF SUBLAYER
  0.000E+00
 GAS CONCENTRATIONS PPMV
  3.250E+00  3.300E+02  1.750E+00  1.725E-01  1.440E-02  1.252E+00  2.090E+05
    19.0  6.861E-02  217.90 : Z P T
 PARTICLE PARAMETERS
  0.000E+00  8.000E-04  0.000E+00
  0.000E+00  2.000E-03  0.000E+00
  0.000E+00  6.000E-04  0.000E+00
  0.000E+00  5.000E-06  0.000E+00
  0.000E+00  6.000E-05  0.000E+00
  0.000E+00  2.000E-05  0.000E+00
  0.000E+00  1.900E-05  0.000E+00
  0.000E+00  2.040E-04  0.000E+00
  0.000E+00  1.750E-05  0.000E+00
  0.000E+00  1.900E-05  0.000E+00
  0.000E+00  4.000E-04  0.000E+00
 CLOUD COVER RATE OF SUBLAYER
  0.000E+00
 GAS CONCENTRATIONS PPMV
  3.175E+00  3.300E+02  1.250E+00  2.008E-01  1.757E-02  1.302E+00  2.090E+05
    18.0  8.016E-02  216.80 : Z P T
 PARTICLE PARAMETERS
  0.000E+00  8.000E-04  0.000E+00
  0.000E+00  2.000E-03  0.000E+00
  0.000E+00  6.000E-04  0.000E+00
  0.000E+00  5.000E-06  0.000E+00
  0.000E+00  6.000E-05  0.000E+00
  0.000E+00  2.000E-05  0.000E+00
  0.000E+00  1.900E-05  0.000E+00
  0.000E+00  2.040E-04  0.000E+00
  0.000E+00  1.750E-05  0.000E+00
  0.000E+00  1.900E-05  0.000E+00
  0.000E+00  4.000E-04  0.000E+00
 CLOUD COVER RATE OF SUBLAYER
  0.000E+00
 GAS CONCENTRATIONS PPMV
  3.175E+00  3.300E+02  8.500E-01  2.298E-01  2.227E-02  1.340E+00  2.090E+05
    17.0  9.378E-02  215.70 : Z P T
 PARTICLE PARAMETERS
  0.000E+00  8.000E-04  0.000E+00
  0.000E+00  2.000E-03  0.000E+00
  0.000E+00  6.000E-04  0.000E+00
  0.000E+00  5.000E-06  0.000E+00
  0.000E+00  6.000E-05  0.000E+00
  0.000E+00  2.000E-05  0.000E+00
  0.000E+00  1.900E-05  0.000E+00
  0.000E+00  2.040E-04  0.000E+00
  0.000E+00  1.750E-05  0.000E+00
  0.000E+00  1.900E-05  0.000E+00
  0.000E+00  4.000E-04  0.000E+00
 CLOUD COVER RATE OF SUBLAYER
  0.000E+00
 GAS CONCENTRATIONS PPMV
  3.250E+00  3.300E+02  6.500E-01  2.516E-01  2.779E-02  1.373E+00  2.090E+05
    16.0  1.096E-01  215.70 : Z P T
 PARTICLE PARAMETERS
  0.000E+00  8.000E-04  0.000E+00
  0.000E+00  2.000E-03  0.000E+00
  0.000E+00  6.000E-04  0.000E+00
  0.000E+00  5.000E-06  0.000E+00
  0.000E+00  6.000E-05  0.000E+00
  0.000E+00  2.000E-05  0.000E+00
  0.000E+00  1.900E-05  0.000E+00
  0.000E+00  2.040E-04  0.000E+00
  0.000E+00  1.750E-05  0.000E+00
  0.000E+00  1.900E-05  0.000E+00
  0.000E+00  4.000E-04  0.000E+00
 CLOUD COVER RATE OF SUBLAYER
  0.000E+00
 GAS CONCENTRATIONS PPMV
  3.350E+00  3.300E+02  5.500E-01  2.667E-01  3.505E-02  1.406E+00  2.090E+05
    15.0  1.283E-01  215.70 : Z P T
 PARTICLE PARAMETERS
  0.000E+00  8.000E-04  0.000E+00
  0.000E+00  2.000E-03  0.000E+00
  0.000E+00  6.000E-04  0.000E+00
  0.000E+00  5.000E-06  0.000E+00
  0.000E+00  6.000E-05  0.000E+00
  0.000E+00  2.000E-05  0.000E+00
  0.000E+00  1.900E-05  0.000E+00
  0.000E+00  2.040E-04  0.000E+00
  0.000E+00  1.750E-05  0.000E+00
  0.000E+00  1.900E-05  0.000E+00
  0.000E+00  4.000E-04  0.000E+00
 CLOUD COVER RATE OF SUBLAYER
  0.000E+00
 GAS CONCENTRATIONS PPMV
  4.200E+00  3.300E+02  4.700E-01  2.762E-01  4.483E-02  1.436E+00  2.090E+05
    14.0  1.510E-01  215.70 : Z P T
 PARTICLE PARAMETERS
  0.000E+00  8.000E-04  0.000E+00
  0.000E+00  2.000E-03  0.000E+00
  0.000E+00  6.000E-04  0.000E+00
  0.000E+00  5.000E-06  0.000E+00
  0.000E+00  6.000E-05  0.000E+00
  0.000E+00  2.000E-05  0.000E+00
  0.000E+00  1.900E-05  0.000E+00
  0.000E+00  2.040E-04  0.000E+00
  0.000E+00  1.750E-05  0.000E+00
  0.000E+00  1.900E-05  0.000E+00
  0.000E+00  4.000E-04  0.000E+00
 CLOUD COVER RATE OF SUBLAYER
  0.000E+00
 GAS CONCENTRATIONS PPMV
  6.500E+00  3.300E+02  3.700E-01  2.830E-01  5.699E-02  1.465E+00  2.090E+05
    13.0  1.767E-01  215.80 : Z P T
 PARTICLE PARAMETERS
  0.000E+00  8.000E-04  0.000E+00
  0.000E+00  2.000E-03  0.000E+00
  0.000E+00  6.000E-04  0.000E+00
  0.000E+00  5.000E-06  0.000E+00
  0.000E+00  6.000E-05  0.000E+00
  0.000E+00  2.000E-05  0.000E+00
  0.000E+00  1.900E-05  0.000E+00
  0.000E+00  2.040E-04  0.000E+00
  0.000E+00  1.750E-05  0.000E+00
  0.000E+00  1.900E-05  0.000E+00
  0.000E+00  4.000E-04  0.000E+00
 CLOUD COVER RATE OF SUBLAYER
  0.000E+00
 GAS CONCENTRATIONS PPMV
  1.872E+01  3.300E+02  2.615E-01  2.898E-01  7.094E-02  1.494E+00  2.090E+05
    12.0  2.063E-01  222.30 : Z P T
 PARTICLE PARAMETERS
  0.000E+00  8.000E-04  0.000E+00
  0.000E+00  2.000E-03  0.000E+00
  0.000E+00  6.000E-04  0.000E+00
  0.000E+00  5.000E-06  0.000E+00
  0.000E+00  6.000E-05  0.000E+00
  0.000E+00  2.000E-05  0.000E+00
  0.000E+00  1.900E-05  0.000E+00
  0.000E+00  2.040E-04  0.000E+00
  0.000E+00  1.750E-05  0.000E+00
  0.000E+00  1.900E-05  0.000E+00
  0.000E+00  4.000E-04  0.000E+00
 CLOUD COVER RATE OF SUBLAYER
  0.000E+00
 GAS CONCENTRATIONS PPMV
  6.250E+01  3.300E+02  2.012E-01  2.963E-01  8.389E-02  1.525E+00  2.090E+05
    11.0  2.399E-01  228.80 : Z P T
 PARTICLE PARAMETERS
  0.000E+00  8.000E-04  0.000E+00
  0.000E+00  2.000E-03  0.000E+00
  0.000E+00  6.000E-04  0.000E+00
  0.000E+00  5.000E-06  0.000E+00
  0.000E+00  6.000E-05  0.000E+00
  0.000E+00  2.000E-05  0.000E+00
  0.000E+00  1.900E-05  0.000E+00
  0.000E+00  2.040E-04  0.000E+00
  0.000E+00  1.750E-05  0.000E+00
  0.000E+00  1.900E-05  0.000E+00
  0.000E+00  4.000E-04  0.000E+00
 CLOUD COVER RATE OF SUBLAYER
  0.000E+00
 GAS CONCENTRATIONS PPMV
  1.714E+02  3.300E+02  1.549E-01  3.043E-01  9.463E-02  1.560E+00  2.090E+05
    10.0  2.774E-01  235.30 : Z P T
 PARTICLE PARAMETERS
  0.000E+00  8.000E-04  0.000E+00
  0.000E+00  2.000E-03  0.000E+00
  0.000E+00  6.000E-04  0.000E+00
  0.000E+00  5.000E-06  0.000E+00
  0.000E+00  6.000E-05  0.000E+00
  0.000E+00  2.000E-05  0.000E+00
  0.000E+00  1.900E-05  0.000E+00
  0.000E+00  2.040E-04  0.000E+00
  0.000E+00  1.750E-05  0.000E+00
  0.000E+00  1.900E-05  0.000E+00
  0.000E+00  4.000E-04  0.000E+00
 CLOUD COVER RATE OF SUBLAYER
  0.000E+00
 GAS CONCENTRATIONS PPMV
  3.300E+02  3.300E+02  1.208E-01  3.130E-01  1.045E-01  1.597E+00  2.090E+05
     9.0  3.198E-01  241.70 : Z P T
 PARTICLE PARAMETERS
  0.000E+00  8.000E-04  0.000E+00
  0.000E+00  2.000E-03  0.000E+00
  0.000E+00  6.000E-04  0.000E+00
  0.000E+00  5.000E-06  0.000E+00
  0.000E+00  6.000E-05  0.000E+00
  0.000E+00  2.000E-05  0.000E+00
  0.000E+00  1.900E-05  0.000E+00
  0.000E+00  2.040E-04  0.000E+00
  0.000E+00  1.750E-05  0.000E+00
  0.000E+00  1.900E-05  0.000E+00
  0.000E+00  4.000E-04  0.000E+00
 CLOUD COVER RATE OF SUBLAYER
  0.000E+00
 GAS CONCENTRATIONS PPMV
  5.297E+02  3.300E+02  1.012E-01  3.179E-01  1.139E-01  1.622E+00  2.090E+05
     8.0  3.672E-01  248.20 : Z P T
 PARTICLE PARAMETERS
  0.000E+00  8.000E-04  0.000E+00
  0.000E+00  2.000E-03  0.000E+00
  0.000E+00  6.000E-04  0.000E+00
  0.000E+00  5.000E-06  0.000E+00
  0.000E+00  6.000E-05  0.000E+00
  0.000E+00  2.000E-05  0.000E+00
  0.000E+00  1.900E-05  0.000E+00
  0.000E+00  2.040E-04  0.000E+00
  0.000E+00  1.750E-05  0.000E+00
  0.000E+00  1.900E-05  0.000E+00
  0.000E+00  4.000E-04  0.000E+00
 CLOUD COVER RATE OF SUBLAYER
  0.000E+00
 GAS CONCENTRATIONS PPMV
  8.332E+02  3.300E+02  8.445E-02  3.198E-01  1.216E-01  1.639E+00  2.090E+05
     7.0  4.205E-01  254.70 : Z P T
 PARTICLE PARAMETERS
  0.000E+00  8.000E-04  0.000E+00
  0.000E+00  2.000E-03  0.000E+00
  0.000E+00  6.000E-04  0.000E+00
  0.000E+00  5.000E-06  0.000E+00
  0.000E+00  6.000E-05  0.000E+00
  0.000E+00  2.000E-05  0.000E+00
  0.000E+00  1.900E-05  0.000E+00
  0.000E+00  2.040E-04  0.000E+00
  0.000E+00  1.750E-05  0.000E+00
  0.000E+00  1.900E-05  0.000E+00
  0.000E+00  4.000E-04  0.000E+00
 CLOUD COVER RATE OF SUBLAYER
  0.000E+00
 GAS CONCENTRATIONS PPMV
  1.265E+03  3.300E+02  7.086E-02  3.200E-01  1.267E-01  1.661E+00  2.090E+05
     6.0  4.808E-01  261.20 : Z P T
 PARTICLE PARAMETERS
  0.000E+00  8.000E-04  0.000E+00
  0.000E+00  2.000E-03  0.000E+00
  0.000E+00  6.000E-04  0.000E+00
  0.000E+00  5.000E-06  0.000E+00
  0.000E+00  6.000E-05  0.000E+00
  0.000E+00  2.000E-05  0.000E+00
  0.000E+00  1.900E-05  0.000E+00
  0.000E+00  2.040E-04  0.000E+00
  0.000E+00  1.750E-05  0.000E+00
  0.000E+00  1.900E-05  0.000E+00
  0.000E+00  4.000E-04  0.000E+00
 CLOUD COVER RATE OF SUBLAYER
  0.000E+00
 GAS CONCENTRATIONS PPMV
  1.868E+03  3.300E+02  5.960E-02  3.200E-01  1.296E-01  1.679E+00  2.090E+05
     5.0  5.469E-01  267.20 : Z P T
 PARTICLE PARAMETERS
  0.000E+00  8.000E-04  0.000E+00
  0.000E+00  2.000E-03  0.000E+00
  0.000E+00  6.000E-04  0.000E+00
  0.000E+00  5.000E-06  0.000E+00
  0.000E+00  6.000E-05  0.000E+00
  0.000E+00  2.000E-05  0.000E+00
  0.000E+00  1.900E-05  0.000E+00
  0.000E+00  2.040E-04  0.000E+00
  0.000E+00  1.750E-05  0.000E+00
  0.000E+00  1.900E-05  0.000E+00
  0.000E+00  4.000E-04  0.000E+00
 CLOUD COVER RATE OF SUBLAYER
  0.000E+00
 GAS CONCENTRATIONS PPMV
  3.019E+03  3.300E+02  5.167E-02  3.200E-01  1.308E-01  1.692E+00  2.090E+05
     4.0  6.199E-01  273.20 : Z P T
 PARTICLE PARAMETERS
  0.000E+00  8.000E-04  0.000E+00
  0.000E+00  2.000E-03  0.000E+00
  0.000E+00  6.000E-04  0.000E+00
  0.000E+00  5.000E-06  0.000E+00
  0.000E+00  6.000E-05  0.000E+00
  0.000E+00  2.000E-05  0.000E+00
  0.000E+00  1.900E-05  0.000E+00
  0.000E+00  2.040E-04  0.000E+00
  0.000E+00  1.750E-05  0.000E+00
  0.000E+00  1.900E-05  0.000E+00
  0.000E+00  4.000E-04  0.000E+00
 CLOUD COVER RATE OF SUBLAYER
  0.000E+00
 GAS CONCENTRATIONS PPMV
  4.898E+03  3.300E+02  4.521E-02  3.200E-01  1.331E-01  1.698E+00  2.090E+05
     3.0  7.009E-01  279.20 : Z P T
 PARTICLE PARAMETERS
  0.000E+00  8.000E-04  0.000E+00
  0.000E+00  2.000E-03  0.000E+00
  0.000E+00  6.000E-04  0.000E+00
  0.000E+00  5.000E-06  0.000E+00
  0.000E+00  6.000E-05  0.000E+00
  0.000E+00  2.000E-05  0.000E+00
  0.000E+00  1.900E-05  0.000E+00
  0.000E+00  2.040E-04  0.000E+00
  0.000E+00  1.750E-05  0.000E+00
  0.000E+00  1.900E-05  0.000E+00
  0.000E+00  4.000E-04  0.000E+00
 CLOUD COVER RATE OF SUBLAYER
  0.000E+00
 GAS CONCENTRATIONS PPMV
  7.832E+03  3.300E+02  3.958E-02  3.200E-01  1.374E-01  1.700E+00  2.090E+05
     2.0  7.917E-01  285.20 : Z P T
 PARTICLE PARAMETERS
  0.000E+00  8.000E-04  0.000E+00
  0.000E+00  2.000E-03  0.000E+00
  0.000E+00  6.000E-04  0.000E+00
  0.000E+00  5.000E-06  0.000E+00
  0.000E+00  6.000E-05  0.000E+00
  0.000E+00  2.000E-05  0.000E+00
  0.000E+00  1.900E-05  0.000E+00
  0.000E+00  2.040E-04  0.000E+00
  0.000E+00  1.750E-05  0.000E+00
  0.000E+00  1.900E-05  0.000E+00
  0.000E+00  4.000E-04  0.000E+00
 CLOUD COVER RATE OF SUBLAYER
  0.000E+00
 GAS CONCENTRATIONS PPMV
  1.173E+04  3.300E+02  3.516E-02  3.200E-01  1.424E-01  1.700E+00  2.090E+05
     1.0  8.904E-01  289.70 : Z P T
 PARTICLE PARAMETERS
  0.000E+00  8.000E-04  0.000E+00
  0.000E+00  2.000E-03  0.000E+00
  0.000E+00  6.000E-04  0.000E+00
  0.000E+00  5.000E-06  0.000E+00
  0.000E+00  6.000E-05  0.000E+00
  0.000E+00  2.000E-05  0.000E+00
  0.000E+00  1.900E-05  0.000E+00
  0.000E+00  2.040E-04  0.000E+00
  0.000E+00  1.750E-05  0.000E+00
  0.000E+00  1.900E-05  0.000E+00
  0.000E+00  4.000E-04  0.000E+00
 CLOUD COVER RATE OF SUBLAYER
  0.000E+00
 GAS CONCENTRATIONS PPMV
  1.627E+04  3.300E+02  3.177E-02  3.200E-01  1.475E-01  1.700E+00  2.090E+05
     0.0  1.000E+00  294.20 : Z P T
 300.0 : GTMP
  3.100E+00  5.000E-01  0.000E+00  0.000E+00  0.000E+00 : PRG
