100 0.500 : NL AMS
   100.0  2.853E-07  190.70 : Z P T
 PARTICLE PARAMETERS
  0.000E+00  8.000E-04  0.000E+00
  0.000E+00  2.000E-03  0.000E+00
  0.000E+00  6.000E-04  0.000E+00
  0.000E+00  5.000E-06  0.000E+00
  0.000E+00  6.000E-05  0.000E+00
  0.000E+00  2.000E-05  0.000E+00
  0.000E+00  1.900E-05  0.000E+00
  0.000E+00  2.040E-04  0.000E+00
  0.000E+00  1.750E-05  0.000E+00
  0.000E+00  1.900E-05  0.000E+00
  0.000E+00  4.000E-04  0.000E+00
 CLOUD COVER RATE OF SUBLAYER
  0.000E+00
 GAS CONCENTRATIONS PPMV
  4.087E-01  2.035E+02  4.150E-01  3.378E-04  1.633E+01  1.210E-01  1.622E+05
    99.0  3.373E-07  188.53 : Z P T
 PARTICLE PARAMETERS
  0.000E+00  8.000E-04  0.000E+00
  0.000E+00  2.000E-03  0.000E+00
  0.000E+00  6.000E-04  0.000E+00
  0.000E+00  5.000E-06  0.000E+00
  0.000E+00  6.000E-05  0.000E+00
  0.000E+00  2.000E-05  0.000E+00
  0.000E+00  1.900E-05  0.000E+00
  0.000E+00  2.040E-04  0.000E+00
  0.000E+00  1.750E-05  0.000E+00
  0.000E+00  1.900E-05  0.000E+00
  0.000E+00  4.000E-04  0.000E+00
 CLOUD COVER RATE OF SUBLAYER
  0.000E+00
 GAS CONCENTRATIONS PPMV
  4.282E-01  2.202E+02  4.421E-01  3.492E-04  1.489E+01  1.230E-01  1.665E+05
    98.0  4.001E-07  187.09 : Z P T
 PARTICLE PARAMETERS
  0.000E+00  8.000E-04  0.000E+00
  0.000E+00  2.000E-03  0.000E+00
  0.000E+00  6.000E-04  0.000E+00
  0.000E+00  5.000E-06  0.000E+00
  0.000E+00  6.000E-05  0.000E+00
  0.000E+00  2.000E-05  0.000E+00
  0.000E+00  1.900E-05  0.000E+00
  0.000E+00  2.040E-04  0.000E+00
  0.000E+00  1.750E-05  0.000E+00
  0.000E+00  1.900E-05  0.000E+00
  0.000E+00  4.000E-04  0.000E+00
 CLOUD COVER RATE OF SUBLAYER
  0.000E+00
 GAS CONCENTRATIONS PPMV
  4.524E-01  2.359E+02  4.641E-01  3.610E-04  1.351E+01  1.251E-01  1.708E+05
    97.0  4.762E-07  186.11 : Z P T
 PARTICLE PARAMETERS
  0.000E+00  8.000E-04  0.000E+00
  0.000E+00  2.000E-03  0.000E+00
  0.000E+00  6.000E-04  0.000E+00
  0.000E+00  5.000E-06  0.000E+00
  0.000E+00  6.000E-05  0.000E+00
  0.000E+00  2.000E-05  0.000E+00
  0.000E+00  1.900E-05  0.000E+00
  0.000E+00  2.040E-04  0.000E+00
  0.000E+00  1.750E-05  0.000E+00
  0.000E+00  1.900E-05  0.000E+00
  0.000E+00  4.000E-04  0.000E+00
 CLOUD COVER RATE OF SUBLAYER
  0.000E+00
 GAS CONCENTRATIONS PPMV
  4.824E-01  2.504E+02  4.814E-01  3.735E-04  1.220E+01  1.271E-01  1.748E+05
    96.0  5.683E-07  185.28 : Z P T
 PARTICLE PARAMETERS
  0.000E+00  8.000E-04  0.000E+00
  0.000E+00  2.000E-03  0.000E+00
  0.000E+00  6.000E-04  0.000E+00
  0.000E+00  5.000E-06  0.000E+00
  0.000E+00  6.000E-05  0.000E+00
  0.000E+00  2.000E-05  0.000E+00
  0.000E+00  1.900E-05  0.000E+00
  0.000E+00  2.040E-04  0.000E+00
  0.000E+00  1.750E-05  0.000E+00
  0.000E+00  1.900E-05  0.000E+00
  0.000E+00  4.000E-04  0.000E+00
 CLOUD COVER RATE OF SUBLAYER
  0.000E+00
 GAS CONCENTRATIONS PPMV
  5.195E-01  2.637E+02  4.945E-01  3.865E-04  1.101E+01  1.290E-01  1.783E+05
    95.0  6.792E-07  184.30 : Z P T
 PARTICLE PARAMETERS
  0.000E+00  8.000E-04  0.000E+00
  0.000E+00  2.000E-03  0.000E+00
  0.000E+00  6.000E-04  0.000E+00
  0.000E+00  5.000E-06  0.000E+00
  0.000E+00  6.000E-05  0.000E+00
  0.000E+00  2.000E-05  0.000E+00
  0.000E+00  1.900E-05  0.000E+00
  0.000E+00  2.040E-04  0.000E+00
  0.000E+00  1.750E-05  0.000E+00
  0.000E+00  1.900E-05  0.000E+00
  0.000E+00  4.000E-04  0.000E+00
 CLOUD COVER RATE OF SUBLAYER
  0.000E+00
 GAS CONCENTRATIONS PPMV
  5.647E-01  2.755E+02  5.038E-01  4.002E-04  9.949E+00  1.310E-01  1.813E+05
    94.0  8.120E-07  182.96 : Z P T
 PARTICLE PARAMETERS
  0.000E+00  8.000E-04  0.000E+00
  0.000E+00  2.000E-03  0.000E+00
  0.000E+00  6.000E-04  0.000E+00
  0.000E+00  5.000E-06  0.000E+00
  0.000E+00  6.000E-05  0.000E+00
  0.000E+00  2.000E-05  0.000E+00
  0.000E+00  1.900E-05  0.000E+00
  0.000E+00  2.040E-04  0.000E+00
  0.000E+00  1.750E-05  0.000E+00
  0.000E+00  1.900E-05  0.000E+00
  0.000E+00  4.000E-04  0.000E+00
 CLOUD COVER RATE OF SUBLAYER
  0.000E+00
 GAS CONCENTRATIONS PPMV
  6.180E-01  2.858E+02  5.101E-01  4.146E-04  9.033E+00  1.329E-01  1.838E+05
    93.0  9.733E-07  181.38 : Z P T
 PARTICLE PARAMETERS
  0.000E+00  8.000E-04  0.000E+00
  0.000E+00  2.000E-03  0.000E+00
  0.000E+00  6.000E-04  0.000E+00
  0.000E+00  5.000E-06  0.000E+00
  0.000E+00  6.000E-05  0.000E+00
  0.000E+00  2.000E-05  0.000E+00
  0.000E+00  1.900E-05  0.000E+00
  0.000E+00  2.040E-04  0.000E+00
  0.000E+00  1.750E-05  0.000E+00
  0.000E+00  1.900E-05  0.000E+00
  0.000E+00  4.000E-04  0.000E+00
 CLOUD COVER RATE OF SUBLAYER
  0.000E+00
 GAS CONCENTRATIONS PPMV
  6.781E-01  2.946E+02  5.141E-01  4.297E-04  8.236E+00  1.348E-01  1.858E+05
    92.0  1.170E-06  179.73 : Z P T
 PARTICLE PARAMETERS
  0.000E+00  8.000E-04  0.000E+00
  0.000E+00  2.000E-03  0.000E+00
  0.000E+00  6.000E-04  0.000E+00
  0.000E+00  5.000E-06  0.000E+00
  0.000E+00  6.000E-05  0.000E+00
  0.000E+00  2.000E-05  0.000E+00
  0.000E+00  1.900E-05  0.000E+00
  0.000E+00  2.040E-04  0.000E+00
  0.000E+00  1.750E-05  0.000E+00
  0.000E+00  1.900E-05  0.000E+00
  0.000E+00  4.000E-04  0.000E+00
 CLOUD COVER RATE OF SUBLAYER
  0.000E+00
 GAS CONCENTRATIONS PPMV
  7.439E-01  3.018E+02  5.168E-01  4.455E-04  7.533E+00  1.368E-01  1.875E+05
    91.0  1.409E-06  178.21 : Z P T
 PARTICLE PARAMETERS
  0.000E+00  8.000E-04  0.000E+00
  0.000E+00  2.000E-03  0.000E+00
  0.000E+00  6.000E-04  0.000E+00
  0.000E+00  5.000E-06  0.000E+00
  0.000E+00  6.000E-05  0.000E+00
  0.000E+00  2.000E-05  0.000E+00
  0.000E+00  1.900E-05  0.000E+00
  0.000E+00  2.040E-04  0.000E+00
  0.000E+00  1.750E-05  0.000E+00
  0.000E+00  1.900E-05  0.000E+00
  0.000E+00  4.000E-04  0.000E+00
 CLOUD COVER RATE OF SUBLAYER
  0.000E+00
 GAS CONCENTRATIONS PPMV
  8.140E-01  3.075E+02  5.189E-01  4.622E-04  6.895E+00  1.389E-01  1.892E+05
    90.0  1.698E-06  177.00 : Z P T
 PARTICLE PARAMETERS
  0.000E+00  8.000E-04  0.000E+00
  0.000E+00  2.000E-03  0.000E+00
  0.000E+00  6.000E-04  0.000E+00
  0.000E+00  5.000E-06  0.000E+00
  0.000E+00  6.000E-05  0.000E+00
  0.000E+00  2.000E-05  0.000E+00
  0.000E+00  1.900E-05  0.000E+00
  0.000E+00  2.040E-04  0.000E+00
  0.000E+00  1.750E-05  0.000E+00
  0.000E+00  1.900E-05  0.000E+00
  0.000E+00  4.000E-04  0.000E+00
 CLOUD COVER RATE OF SUBLAYER
  0.000E+00
 GAS CONCENTRATIONS PPMV
  8.875E-01  3.118E+02  5.212E-01  4.798E-04  6.300E+00  1.412E-01  1.909E+05
    89.0  2.045E-06  176.26 : Z P T
 PARTICLE PARAMETERS
  0.000E+00  8.000E-04  0.000E+00
  0.000E+00  2.000E-03  0.000E+00
  0.000E+00  6.000E-04  0.000E+00
  0.000E+00  5.000E-06  0.000E+00
  0.000E+00  6.000E-05  0.000E+00
  0.000E+00  2.000E-05  0.000E+00
  0.000E+00  1.900E-05  0.000E+00
  0.000E+00  2.040E-04  0.000E+00
  0.000E+00  1.750E-05  0.000E+00
  0.000E+00  1.900E-05  0.000E+00
  0.000E+00  4.000E-04  0.000E+00
 CLOUD COVER RATE OF SUBLAYER
  0.000E+00
 GAS CONCENTRATIONS PPMV
  9.649E-01  3.147E+02  5.230E-01  4.984E-04  5.730E+00  1.435E-01  1.927E+05
    88.0  2.466E-06  175.96 : Z P T
 PARTICLE PARAMETERS
  0.000E+00  8.000E-04  0.000E+00
  0.000E+00  2.000E-03  0.000E+00
  0.000E+00  6.000E-04  0.000E+00
  0.000E+00  5.000E-06  0.000E+00
  0.000E+00  6.000E-05  0.000E+00
  0.000E+00  2.000E-05  0.000E+00
  0.000E+00  1.900E-05  0.000E+00
  0.000E+00  2.040E-04  0.000E+00
  0.000E+00  1.750E-05  0.000E+00
  0.000E+00  1.900E-05  0.000E+00
  0.000E+00  4.000E-04  0.000E+00
 CLOUD COVER RATE OF SUBLAYER
  0.000E+00
 GAS CONCENTRATIONS PPMV
  1.049E+00  3.167E+02  5.227E-01  5.179E-04  5.178E+00  1.458E-01  1.947E+05
    87.0  2.978E-06  176.04 : Z P T
 PARTICLE PARAMETERS
  0.000E+00  8.000E-04  0.000E+00
  0.000E+00  2.000E-03  0.000E+00
  0.000E+00  6.000E-04  0.000E+00
  0.000E+00  5.000E-06  0.000E+00
  0.000E+00  6.000E-05  0.000E+00
  0.000E+00  2.000E-05  0.000E+00
  0.000E+00  1.900E-05  0.000E+00
  0.000E+00  2.040E-04  0.000E+00
  0.000E+00  1.750E-05  0.000E+00
  0.000E+00  1.900E-05  0.000E+00
  0.000E+00  4.000E-04  0.000E+00
 CLOUD COVER RATE OF SUBLAYER
  0.000E+00
 GAS CONCENTRATIONS PPMV
  1.141E+00  3.181E+02  5.180E-01  5.386E-04  4.641E+00  1.478E-01  1.968E+05
    86.0  3.598E-06  176.44 : Z P T
 PARTICLE PARAMETERS
  0.000E+00  8.000E-04  0.000E+00
  0.000E+00  2.000E-03  0.000E+00
  0.000E+00  6.000E-04  0.000E+00
  0.000E+00  5.000E-06  0.000E+00
  0.000E+00  6.000E-05  0.000E+00
  0.000E+00  2.000E-05  0.000E+00
  0.000E+00  1.900E-05  0.000E+00
  0.000E+00  2.040E-04  0.000E+00
  0.000E+00  1.750E-05  0.000E+00
  0.000E+00  1.900E-05  0.000E+00
  0.000E+00  4.000E-04  0.000E+00
 CLOUD COVER RATE OF SUBLAYER
  0.000E+00
 GAS CONCENTRATIONS PPMV
  1.245E+00  3.194E+02  5.072E-01  5.604E-04  4.112E+00  1.493E-01  1.989E+05
    85.0  4.344E-06  177.10 : Z P T
 PARTICLE PARAMETERS
  0.000E+00  8.000E-04  0.000E+00
  0.000E+00  2.000E-03  0.000E+00
  0.000E+00  6.000E-04  0.000E+00
  0.000E+00  5.000E-06  0.000E+00
  0.000E+00  6.000E-05  0.000E+00
  0.000E+00  2.000E-05  0.000E+00
  0.000E+00  1.900E-05  0.000E+00
  0.000E+00  2.040E-04  0.000E+00
  0.000E+00  1.750E-05  0.000E+00
  0.000E+00  1.900E-05  0.000E+00
  0.000E+00  4.000E-04  0.000E+00
 CLOUD COVER RATE OF SUBLAYER
  0.000E+00
 GAS CONCENTRATIONS PPMV
  1.363E+00  3.208E+02  4.885E-01  5.834E-04  3.588E+00  1.503E-01  2.011E+05
    84.0  5.234E-06  177.97 : Z P T
 PARTICLE PARAMETERS
  0.000E+00  8.000E-04  0.000E+00
  0.000E+00  2.000E-03  0.000E+00
  0.000E+00  6.000E-04  0.000E+00
  0.000E+00  5.000E-06  0.000E+00
  0.000E+00  6.000E-05  0.000E+00
  0.000E+00  2.000E-05  0.000E+00
  0.000E+00  1.900E-05  0.000E+00
  0.000E+00  2.040E-04  0.000E+00
  0.000E+00  1.750E-05  0.000E+00
  0.000E+00  1.900E-05  0.000E+00
  0.000E+00  4.000E-04  0.000E+00
 CLOUD COVER RATE OF SUBLAYER
  0.000E+00
 GAS CONCENTRATIONS PPMV
  1.496E+00  3.224E+02  4.618E-01  6.078E-04  3.075E+00  1.508E-01  2.033E+05
    83.0  6.299E-06  179.11 : Z P T
 PARTICLE PARAMETERS
  0.000E+00  8.000E-04  0.000E+00
  0.000E+00  2.000E-03  0.000E+00
  0.000E+00  6.000E-04  0.000E+00
  0.000E+00  5.000E-06  0.000E+00
  0.000E+00  6.000E-05  0.000E+00
  0.000E+00  2.000E-05  0.000E+00
  0.000E+00  1.900E-05  0.000E+00
  0.000E+00  2.040E-04  0.000E+00
  0.000E+00  1.750E-05  0.000E+00
  0.000E+00  1.900E-05  0.000E+00
  0.000E+00  4.000E-04  0.000E+00
 CLOUD COVER RATE OF SUBLAYER
  0.000E+00
 GAS CONCENTRATIONS PPMV
  1.646E+00  3.241E+02  4.287E-01  6.337E-04  2.584E+00  1.508E-01  2.053E+05
    82.0  7.571E-06  180.58 : Z P T
 PARTICLE PARAMETERS
  0.000E+00  8.000E-04  0.000E+00
  0.000E+00  2.000E-03  0.000E+00
  0.000E+00  6.000E-04  0.000E+00
  0.000E+00  5.000E-06  0.000E+00
  0.000E+00  6.000E-05  0.000E+00
  0.000E+00  2.000E-05  0.000E+00
  0.000E+00  1.900E-05  0.000E+00
  0.000E+00  2.040E-04  0.000E+00
  0.000E+00  1.750E-05  0.000E+00
  0.000E+00  1.900E-05  0.000E+00
  0.000E+00  4.000E-04  0.000E+00
 CLOUD COVER RATE OF SUBLAYER
  0.000E+00
 GAS CONCENTRATIONS PPMV
  1.815E+00  3.258E+02  3.910E-01  6.612E-04  2.132E+00  1.505E-01  2.071E+05
    81.0  9.080E-06  182.45 : Z P T
 PARTICLE PARAMETERS
  0.000E+00  8.000E-04  0.000E+00
  0.000E+00  2.000E-03  0.000E+00
  0.000E+00  6.000E-04  0.000E+00
  0.000E+00  5.000E-06  0.000E+00
  0.000E+00  6.000E-05  0.000E+00
  0.000E+00  2.000E-05  0.000E+00
  0.000E+00  1.900E-05  0.000E+00
  0.000E+00  2.040E-04  0.000E+00
  0.000E+00  1.750E-05  0.000E+00
  0.000E+00  1.900E-05  0.000E+00
  0.000E+00  4.000E-04  0.000E+00
 CLOUD COVER RATE OF SUBLAYER
  0.000E+00
 GAS CONCENTRATIONS PPMV
  2.002E+00  3.273E+02  3.506E-01  6.905E-04  1.733E+00  1.502E-01  2.084E+05
    80.0  1.086E-05  184.80 : Z P T
 PARTICLE PARAMETERS
  0.000E+00  8.000E-04  0.000E+00
  0.000E+00  2.000E-03  0.000E+00
  0.000E+00  6.000E-04  0.000E+00
  0.000E+00  5.000E-06  0.000E+00
  0.000E+00  6.000E-05  0.000E+00
  0.000E+00  2.000E-05  0.000E+00
  0.000E+00  1.900E-05  0.000E+00
  0.000E+00  2.040E-04  0.000E+00
  0.000E+00  1.750E-05  0.000E+00
  0.000E+00  1.900E-05  0.000E+00
  0.000E+00  4.000E-04  0.000E+00
 CLOUD COVER RATE OF SUBLAYER
  0.000E+00
 GAS CONCENTRATIONS PPMV
  2.208E+00  3.285E+02  3.095E-01  7.217E-04  1.400E+00  1.499E-01  2.093E+05
    79.0  1.295E-05  187.65 : Z P T
 PARTICLE PARAMETERS
  0.000E+00  8.000E-04  0.000E+00
  0.000E+00  2.000E-03  0.000E+00
  0.000E+00  6.000E-04  0.000E+00
  0.000E+00  5.000E-06  0.000E+00
  0.000E+00  6.000E-05  0.000E+00
  0.000E+00  2.000E-05  0.000E+00
  0.000E+00  1.900E-05  0.000E+00
  0.000E+00  2.040E-04  0.000E+00
  0.000E+00  1.750E-05  0.000E+00
  0.000E+00  1.900E-05  0.000E+00
  0.000E+00  4.000E-04  0.000E+00
 CLOUD COVER RATE OF SUBLAYER
  0.000E+00
 GAS CONCENTRATIONS PPMV
  2.432E+00  3.292E+02  2.699E-01  7.550E-04  1.134E+00  1.498E-01  2.097E+05
    78.0  1.540E-05  190.92 : Z P T
 PARTICLE PARAMETERS
  0.000E+00  8.000E-04  0.000E+00
  0.000E+00  2.000E-03  0.000E+00
  0.000E+00  6.000E-04  0.000E+00
  0.000E+00  5.000E-06  0.000E+00
  0.000E+00  6.000E-05  0.000E+00
  0.000E+00  2.000E-05  0.000E+00
  0.000E+00  1.900E-05  0.000E+00
  0.000E+00  2.040E-04  0.000E+00
  0.000E+00  1.750E-05  0.000E+00
  0.000E+00  1.900E-05  0.000E+00
  0.000E+00  4.000E-04  0.000E+00
 CLOUD COVER RATE OF SUBLAYER
  0.000E+00
 GAS CONCENTRATIONS PPMV
  2.671E+00  3.297E+02  2.344E-01  7.904E-04  9.243E-01  1.498E-01  2.096E+05
    77.0  1.829E-05  194.45 : Z P T
 PARTICLE PARAMETERS
  0.000E+00  8.000E-04  0.000E+00
  0.000E+00  2.000E-03  0.000E+00
  0.000E+00  6.000E-04  0.000E+00
  0.000E+00  5.000E-06  0.000E+00
  0.000E+00  6.000E-05  0.000E+00
  0.000E+00  2.000E-05  0.000E+00
  0.000E+00  1.900E-05  0.000E+00
  0.000E+00  2.040E-04  0.000E+00
  0.000E+00  1.750E-05  0.000E+00
  0.000E+00  1.900E-05  0.000E+00
  0.000E+00  4.000E-04  0.000E+00
 CLOUD COVER RATE OF SUBLAYER
  0.000E+00
 GAS CONCENTRATIONS PPMV
  2.919E+00  3.299E+02  2.058E-01  8.281E-04  7.599E-01  1.499E-01  2.094E+05
    76.0  2.169E-05  198.12 : Z P T
 PARTICLE PARAMETERS
  0.000E+00  8.000E-04  0.000E+00
  0.000E+00  2.000E-03  0.000E+00
  0.000E+00  6.000E-04  0.000E+00
  0.000E+00  5.000E-06  0.000E+00
  0.000E+00  6.000E-05  0.000E+00
  0.000E+00  2.000E-05  0.000E+00
  0.000E+00  1.900E-05  0.000E+00
  0.000E+00  2.040E-04  0.000E+00
  0.000E+00  1.750E-05  0.000E+00
  0.000E+00  1.900E-05  0.000E+00
  0.000E+00  4.000E-04  0.000E+00
 CLOUD COVER RATE OF SUBLAYER
  0.000E+00
 GAS CONCENTRATIONS PPMV
  3.172E+00  3.300E+02  1.868E-01  8.683E-04  6.281E-01  1.500E-01  2.091E+05
    75.0  2.567E-05  201.80 : Z P T
 PARTICLE PARAMETERS
  0.000E+00  8.000E-04  0.000E+00
  0.000E+00  2.000E-03  0.000E+00
  0.000E+00  6.000E-04  0.000E+00
  0.000E+00  5.000E-06  0.000E+00
  0.000E+00  6.000E-05  0.000E+00
  0.000E+00  2.000E-05  0.000E+00
  0.000E+00  1.900E-05  0.000E+00
  0.000E+00  2.040E-04  0.000E+00
  0.000E+00  1.750E-05  0.000E+00
  0.000E+00  1.900E-05  0.000E+00
  0.000E+00  4.000E-04  0.000E+00
 CLOUD COVER RATE OF SUBLAYER
  0.000E+00
 GAS CONCENTRATIONS PPMV
  3.427E+00  3.300E+02  1.797E-01  9.111E-04  5.177E-01  1.500E-01  2.089E+05
    74.0  3.029E-05  205.37 : Z P T
 PARTICLE PARAMETERS
  0.000E+00  8.000E-04  0.000E+00
  0.000E+00  2.000E-03  0.000E+00
  0.000E+00  6.000E-04  0.000E+00
  0.000E+00  5.000E-06  0.000E+00
  0.000E+00  6.000E-05  0.000E+00
  0.000E+00  2.000E-05  0.000E+00
  0.000E+00  1.900E-05  0.000E+00
  0.000E+00  2.040E-04  0.000E+00
  0.000E+00  1.750E-05  0.000E+00
  0.000E+00  1.900E-05  0.000E+00
  0.000E+00  4.000E-04  0.000E+00
 CLOUD COVER RATE OF SUBLAYER
  0.000E+00
 GAS CONCENTRATIONS PPMV
  3.680E+00  3.300E+02  1.857E-01  9.568E-04  4.225E-01  1.500E-01  2.088E+05
    73.0  3.565E-05  208.84 : Z P T
 PARTICLE PARAMETERS
  0.000E+00  8.000E-04  0.000E+00
  0.000E+00  2.000E-03  0.000E+00
  0.000E+00  6.000E-04  0.000E+00
  0.000E+00  5.000E-06  0.000E+00
  0.000E+00  6.000E-05  0.000E+00
  0.000E+00  2.000E-05  0.000E+00
  0.000E+00  1.900E-05  0.000E+00
  0.000E+00  2.040E-04  0.000E+00
  0.000E+00  1.750E-05  0.000E+00
  0.000E+00  1.900E-05  0.000E+00
  0.000E+00  4.000E-04  0.000E+00
 CLOUD COVER RATE OF SUBLAYER
  0.000E+00
 GAS CONCENTRATIONS PPMV
  3.926E+00  3.300E+02  2.042E-01  1.006E-03  3.411E-01  1.500E-01  2.088E+05
    72.0  4.187E-05  212.23 : Z P T
 PARTICLE PARAMETERS
  0.000E+00  8.000E-04  0.000E+00
  0.000E+00  2.000E-03  0.000E+00
  0.000E+00  6.000E-04  0.000E+00
  0.000E+00  5.000E-06  0.000E+00
  0.000E+00  6.000E-05  0.000E+00
  0.000E+00  2.000E-05  0.000E+00
  0.000E+00  1.900E-05  0.000E+00
  0.000E+00  2.040E-04  0.000E+00
  0.000E+00  1.750E-05  0.000E+00
  0.000E+00  1.900E-05  0.000E+00
  0.000E+00  4.000E-04  0.000E+00
 CLOUD COVER RATE OF SUBLAYER
  0.000E+00
 GAS CONCENTRATIONS PPMV
  4.164E+00  3.300E+02  2.347E-01  1.060E-03  2.731E-01  1.500E-01  2.089E+05
    71.0  4.903E-05  215.58 : Z P T
 PARTICLE PARAMETERS
  0.000E+00  8.000E-04  0.000E+00
  0.000E+00  2.000E-03  0.000E+00
  0.000E+00  6.000E-04  0.000E+00
  0.000E+00  5.000E-06  0.000E+00
  0.000E+00  6.000E-05  0.000E+00
  0.000E+00  2.000E-05  0.000E+00
  0.000E+00  1.900E-05  0.000E+00
  0.000E+00  2.040E-04  0.000E+00
  0.000E+00  1.750E-05  0.000E+00
  0.000E+00  1.900E-05  0.000E+00
  0.000E+00  4.000E-04  0.000E+00
 CLOUD COVER RATE OF SUBLAYER
  0.000E+00
 GAS CONCENTRATIONS PPMV
  4.390E+00  3.300E+02  2.764E-01  1.118E-03  2.181E-01  1.500E-01  2.090E+05
    70.0  5.726E-05  218.90 : Z P T
 PARTICLE PARAMETERS
  0.000E+00  8.000E-04  0.000E+00
  0.000E+00  2.000E-03  0.000E+00
  0.000E+00  6.000E-04  0.000E+00
  0.000E+00  5.000E-06  0.000E+00
  0.000E+00  6.000E-05  0.000E+00
  0.000E+00  2.000E-05  0.000E+00
  0.000E+00  1.900E-05  0.000E+00
  0.000E+00  2.040E-04  0.000E+00
  0.000E+00  1.750E-05  0.000E+00
  0.000E+00  1.900E-05  0.000E+00
  0.000E+00  4.000E-04  0.000E+00
 CLOUD COVER RATE OF SUBLAYER
  0.000E+00
 GAS CONCENTRATIONS PPMV
  4.602E+00  3.300E+02  3.286E-01  1.182E-03  1.755E-01  1.501E-01  2.090E+05
    69.0  6.665E-05  222.23 : Z P T
 PARTICLE PARAMETERS
  0.000E+00  8.000E-04  0.000E+00
  0.000E+00  2.000E-03  0.000E+00
  0.000E+00  6.000E-04  0.000E+00
  0.000E+00  5.000E-06  0.000E+00
  0.000E+00  6.000E-05  0.000E+00
  0.000E+00  2.000E-05  0.000E+00
  0.000E+00  1.900E-05  0.000E+00
  0.000E+00  2.040E-04  0.000E+00
  0.000E+00  1.750E-05  0.000E+00
  0.000E+00  1.900E-05  0.000E+00
  0.000E+00  4.000E-04  0.000E+00
 CLOUD COVER RATE OF SUBLAYER
  0.000E+00
 GAS CONCENTRATIONS PPMV
  4.798E+00  3.300E+02  3.900E-01  1.251E-03  1.441E-01  1.502E-01  2.090E+05
    68.0  7.738E-05  225.58 : Z P T
 PARTICLE PARAMETERS
  0.000E+00  8.000E-04  0.000E+00
  0.000E+00  2.000E-03  0.000E+00
  0.000E+00  6.000E-04  0.000E+00
  0.000E+00  5.000E-06  0.000E+00
  0.000E+00  6.000E-05  0.000E+00
  0.000E+00  2.000E-05  0.000E+00
  0.000E+00  1.900E-05  0.000E+00
  0.000E+00  2.040E-04  0.000E+00
  0.000E+00  1.750E-05  0.000E+00
  0.000E+00  1.900E-05  0.000E+00
  0.000E+00  4.000E-04  0.000E+00
 CLOUD COVER RATE OF SUBLAYER
  0.000E+00
 GAS CONCENTRATIONS PPMV
  4.981E+00  3.300E+02  4.588E-01  1.323E-03  1.219E-01  1.503E-01  2.090E+05
    67.0  8.964E-05  228.98 : Z P T
 PARTICLE PARAMETERS
  0.000E+00  8.000E-04  0.000E+00
  0.000E+00  2.000E-03  0.000E+00
  0.000E+00  6.000E-04  0.000E+00
  0.000E+00  5.000E-06  0.000E+00
  0.000E+00  6.000E-05  0.000E+00
  0.000E+00  2.000E-05  0.000E+00
  0.000E+00  1.900E-05  0.000E+00
  0.000E+00  2.040E-04  0.000E+00
  0.000E+00  1.750E-05  0.000E+00
  0.000E+00  1.900E-05  0.000E+00
  0.000E+00  4.000E-04  0.000E+00
 CLOUD COVER RATE OF SUBLAYER
  0.000E+00
 GAS CONCENTRATIONS PPMV
  5.154E+00  3.300E+02  5.329E-01  1.397E-03  1.066E-01  1.503E-01  2.090E+05
    66.0  1.036E-04  232.44 : Z P T
 PARTICLE PARAMETERS
  0.000E+00  8.000E-04  0.000E+00
  0.000E+00  2.000E-03  0.000E+00
  0.000E+00  6.000E-04  0.000E+00
  0.000E+00  5.000E-06  0.000E+00
  0.000E+00  6.000E-05  0.000E+00
  0.000E+00  2.000E-05  0.000E+00
  0.000E+00  1.900E-05  0.000E+00
  0.000E+00  2.040E-04  0.000E+00
  0.000E+00  1.750E-05  0.000E+00
  0.000E+00  1.900E-05  0.000E+00
  0.000E+00  4.000E-04  0.000E+00
 CLOUD COVER RATE OF SUBLAYER
  0.000E+00
 GAS CONCENTRATIONS PPMV
  5.319E+00  3.300E+02  6.106E-01  1.471E-03  9.616E-02  1.501E-01  2.090E+05
    65.0  1.194E-04  236.00 : Z P T
 PARTICLE PARAMETERS
  0.000E+00  8.000E-04  0.000E+00
  0.000E+00  2.000E-03  0.000E+00
  0.000E+00  6.000E-04  0.000E+00
  0.000E+00  5.000E-06  0.000E+00
  0.000E+00  6.000E-05  0.000E+00
  0.000E+00  2.000E-05  0.000E+00
  0.000E+00  1.900E-05  0.000E+00
  0.000E+00  2.040E-04  0.000E+00
  0.000E+00  1.750E-05  0.000E+00
  0.000E+00  1.900E-05  0.000E+00
  0.000E+00  4.000E-04  0.000E+00
 CLOUD COVER RATE OF SUBLAYER
  0.000E+00
 GAS CONCENTRATIONS PPMV
  5.478E+00  3.300E+02  6.901E-01  1.543E-03  8.856E-02  1.498E-01  2.090E+05
    64.0  1.374E-04  239.64 : Z P T
 PARTICLE PARAMETERS
  0.000E+00  8.000E-04  0.000E+00
  0.000E+00  2.000E-03  0.000E+00
  0.000E+00  6.000E-04  0.000E+00
  0.000E+00  5.000E-06  0.000E+00
  0.000E+00  6.000E-05  0.000E+00
  0.000E+00  2.000E-05  0.000E+00
  0.000E+00  1.900E-05  0.000E+00
  0.000E+00  2.040E-04  0.000E+00
  0.000E+00  1.750E-05  0.000E+00
  0.000E+00  1.900E-05  0.000E+00
  0.000E+00  4.000E-04  0.000E+00
 CLOUD COVER RATE OF SUBLAYER
  0.000E+00
 GAS CONCENTRATIONS PPMV
  5.628E+00  3.300E+02  7.716E-01  1.619E-03  8.259E-02  1.493E-01  2.090E+05
    63.0  1.577E-04  243.28 : Z P T
 PARTICLE PARAMETERS
  0.000E+00  8.000E-04  0.000E+00
  0.000E+00  2.000E-03  0.000E+00
  0.000E+00  6.000E-04  0.000E+00
  0.000E+00  5.000E-06  0.000E+00
  0.000E+00  6.000E-05  0.000E+00
  0.000E+00  2.000E-05  0.000E+00
  0.000E+00  1.900E-05  0.000E+00
  0.000E+00  2.040E-04  0.000E+00
  0.000E+00  1.750E-05  0.000E+00
  0.000E+00  1.900E-05  0.000E+00
  0.000E+00  4.000E-04  0.000E+00
 CLOUD COVER RATE OF SUBLAYER
  0.000E+00
 GAS CONCENTRATIONS PPMV
  5.764E+00  3.300E+02  8.570E-01  1.710E-03  7.784E-02  1.489E-01  2.090E+05
    62.0  1.807E-04  246.81 : Z P T
 PARTICLE PARAMETERS
  0.000E+00  8.000E-04  0.000E+00
  0.000E+00  2.000E-03  0.000E+00
  0.000E+00  6.000E-04  0.000E+00
  0.000E+00  5.000E-06  0.000E+00
  0.000E+00  6.000E-05  0.000E+00
  0.000E+00  2.000E-05  0.000E+00
  0.000E+00  1.900E-05  0.000E+00
  0.000E+00  2.040E-04  0.000E+00
  0.000E+00  1.750E-05  0.000E+00
  0.000E+00  1.900E-05  0.000E+00
  0.000E+00  4.000E-04  0.000E+00
 CLOUD COVER RATE OF SUBLAYER
  0.000E+00
 GAS CONCENTRATIONS PPMV
  5.878E+00  3.300E+02  9.484E-01  1.826E-03  7.405E-02  1.489E-01  2.090E+05
    61.0  2.067E-04  250.12 : Z P T
 PARTICLE PARAMETERS
  0.000E+00  8.000E-04  0.000E+00
  0.000E+00  2.000E-03  0.000E+00
  0.000E+00  6.000E-04  0.000E+00
  0.000E+00  5.000E-06  0.000E+00
  0.000E+00  6.000E-05  0.000E+00
  0.000E+00  2.000E-05  0.000E+00
  0.000E+00  1.900E-05  0.000E+00
  0.000E+00  2.040E-04  0.000E+00
  0.000E+00  1.750E-05  0.000E+00
  0.000E+00  1.900E-05  0.000E+00
  0.000E+00  4.000E-04  0.000E+00
 CLOUD COVER RATE OF SUBLAYER
  0.000E+00
 GAS CONCENTRATIONS PPMV
  5.965E+00  3.300E+02  1.048E+00  1.978E-03  7.099E-02  1.495E-01  2.090E+05
    60.0  2.359E-04  253.10 : Z P T
 PARTICLE PARAMETERS
  0.000E+00  8.000E-04  0.000E+00
  0.000E+00  2.000E-03  0.000E+00
  0.000E+00  6.000E-04  0.000E+00
  0.000E+00  5.000E-06  0.000E+00
  0.000E+00  6.000E-05  0.000E+00
  0.000E+00  2.000E-05  0.000E+00
  0.000E+00  1.900E-05  0.000E+00
  0.000E+00  2.040E-04  0.000E+00
  0.000E+00  1.750E-05  0.000E+00
  0.000E+00  1.900E-05  0.000E+00
  0.000E+00  4.000E-04  0.000E+00
 CLOUD COVER RATE OF SUBLAYER
  0.000E+00
 GAS CONCENTRATIONS PPMV
  6.018E+00  3.300E+02  1.158E+00  2.175E-03  6.840E-02  1.510E-01  2.090E+05
    59.0  2.689E-04  255.67 : Z P T
 PARTICLE PARAMETERS
  0.000E+00  8.000E-04  0.000E+00
  0.000E+00  2.000E-03  0.000E+00
  0.000E+00  6.000E-04  0.000E+00
  0.000E+00  5.000E-06  0.000E+00
  0.000E+00  6.000E-05  0.000E+00
  0.000E+00  2.000E-05  0.000E+00
  0.000E+00  1.900E-05  0.000E+00
  0.000E+00  2.040E-04  0.000E+00
  0.000E+00  1.750E-05  0.000E+00
  0.000E+00  1.900E-05  0.000E+00
  0.000E+00  4.000E-04  0.000E+00
 CLOUD COVER RATE OF SUBLAYER
  0.000E+00
 GAS CONCENTRATIONS PPMV
  6.039E+00  3.300E+02  1.279E+00  2.404E-03  6.614E-02  1.533E-01  2.090E+05
    58.0  3.061E-04  257.89 : Z P T
 PARTICLE PARAMETERS
  0.000E+00  8.000E-04  0.000E+00
  0.000E+00  2.000E-03  0.000E+00
  0.000E+00  6.000E-04  0.000E+00
  0.000E+00  5.000E-06  0.000E+00
  0.000E+00  6.000E-05  0.000E+00
  0.000E+00  2.000E-05  0.000E+00
  0.000E+00  1.900E-05  0.000E+00
  0.000E+00  2.040E-04  0.000E+00
  0.000E+00  1.750E-05  0.000E+00
  0.000E+00  1.900E-05  0.000E+00
  0.000E+00  4.000E-04  0.000E+00
 CLOUD COVER RATE OF SUBLAYER
  0.000E+00
 GAS CONCENTRATIONS PPMV
  6.037E+00  3.300E+02  1.412E+00  2.634E-03  6.414E-02  1.563E-01  2.090E+05
    57.0  3.482E-04  259.86 : Z P T
 PARTICLE PARAMETERS
  0.000E+00  8.000E-04  0.000E+00
  0.000E+00  2.000E-03  0.000E+00
  0.000E+00  6.000E-04  0.000E+00
  0.000E+00  5.000E-06  0.000E+00
  0.000E+00  6.000E-05  0.000E+00
  0.000E+00  2.000E-05  0.000E+00
  0.000E+00  1.900E-05  0.000E+00
  0.000E+00  2.040E-04  0.000E+00
  0.000E+00  1.750E-05  0.000E+00
  0.000E+00  1.900E-05  0.000E+00
  0.000E+00  4.000E-04  0.000E+00
 CLOUD COVER RATE OF SUBLAYER
  0.000E+00
 GAS CONCENTRATIONS PPMV
  6.023E+00  3.300E+02  1.558E+00  2.831E-03  6.233E-02  1.597E-01  2.090E+05
    56.0  3.960E-04  261.66 : Z P T
 PARTICLE PARAMETERS
  0.000E+00  8.000E-04  0.000E+00
  0.000E+00  2.000E-03  0.000E+00
  0.000E+00  6.000E-04  0.000E+00
  0.000E+00  5.000E-06  0.000E+00
  0.000E+00  6.000E-05  0.000E+00
  0.000E+00  2.000E-05  0.000E+00
  0.000E+00  1.900E-05  0.000E+00
  0.000E+00  2.040E-04  0.000E+00
  0.000E+00  1.750E-05  0.000E+00
  0.000E+00  1.900E-05  0.000E+00
  0.000E+00  4.000E-04  0.000E+00
 CLOUD COVER RATE OF SUBLAYER
  0.000E+00
 GAS CONCENTRATIONS PPMV
  6.007E+00  3.300E+02  1.717E+00  2.958E-03  6.066E-02  1.633E-01  2.090E+05
    55.0  4.501E-04  263.40 : Z P T
 PARTICLE PARAMETERS
  0.000E+00  8.000E-04  0.000E+00
  0.000E+00  2.000E-03  0.000E+00
  0.000E+00  6.000E-04  0.000E+00
  0.000E+00  5.000E-06  0.000E+00
  0.000E+00  6.000E-05  0.000E+00
  0.000E+00  2.000E-05  0.000E+00
  0.000E+00  1.900E-05  0.000E+00
  0.000E+00  2.040E-04  0.000E+00
  0.000E+00  1.750E-05  0.000E+00
  0.000E+00  1.900E-05  0.000E+00
  0.000E+00  4.000E-04  0.000E+00
 CLOUD COVER RATE OF SUBLAYER
  0.000E+00
 GAS CONCENTRATIONS PPMV
  5.998E+00  3.300E+02  1.889E+00  2.997E-03  5.906E-02  1.669E-01  2.090E+05
    54.0  5.113E-04  265.13 : Z P T
 PARTICLE PARAMETERS
  0.000E+00  8.000E-04  0.000E+00
  0.000E+00  2.000E-03  0.000E+00
  0.000E+00  6.000E-04  0.000E+00
  0.000E+00  5.000E-06  0.000E+00
  0.000E+00  6.000E-05  0.000E+00
  0.000E+00  2.000E-05  0.000E+00
  0.000E+00  1.900E-05  0.000E+00
  0.000E+00  2.040E-04  0.000E+00
  0.000E+00  1.750E-05  0.000E+00
  0.000E+00  1.900E-05  0.000E+00
  0.000E+00  4.000E-04  0.000E+00
 CLOUD COVER RATE OF SUBLAYER
  0.000E+00
 GAS CONCENTRATIONS PPMV
  5.999E+00  3.300E+02  2.074E+00  3.004E-03  5.748E-02  1.713E-01  2.090E+05
    53.0  5.802E-04  266.78 : Z P T
 PARTICLE PARAMETERS
  0.000E+00  8.000E-04  0.000E+00
  0.000E+00  2.000E-03  0.000E+00
  0.000E+00  6.000E-04  0.000E+00
  0.000E+00  5.000E-06  0.000E+00
  0.000E+00  6.000E-05  0.000E+00
  0.000E+00  2.000E-05  0.000E+00
  0.000E+00  1.900E-05  0.000E+00
  0.000E+00  2.040E-04  0.000E+00
  0.000E+00  1.750E-05  0.000E+00
  0.000E+00  1.900E-05  0.000E+00
  0.000E+00  4.000E-04  0.000E+00
 CLOUD COVER RATE OF SUBLAYER
  0.000E+00
 GAS CONCENTRATIONS PPMV
  6.004E+00  3.300E+02  2.271E+00  3.115E-03  5.582E-02  1.775E-01  2.090E+05
    52.0  6.579E-04  268.24 : Z P T
 PARTICLE PARAMETERS
  0.000E+00  8.000E-04  0.000E+00
  0.000E+00  2.000E-03  0.000E+00
  0.000E+00  6.000E-04  0.000E+00
  0.000E+00  5.000E-06  0.000E+00
  0.000E+00  6.000E-05  0.000E+00
  0.000E+00  2.000E-05  0.000E+00
  0.000E+00  1.900E-05  0.000E+00
  0.000E+00  2.040E-04  0.000E+00
  0.000E+00  1.750E-05  0.000E+00
  0.000E+00  1.900E-05  0.000E+00
  0.000E+00  4.000E-04  0.000E+00
 CLOUD COVER RATE OF SUBLAYER
  0.000E+00
 GAS CONCENTRATIONS PPMV
  6.008E+00  3.300E+02  2.477E+00  3.480E-03  5.402E-02  1.871E-01  2.090E+05
    51.0  7.453E-04  269.42 : Z P T
 PARTICLE PARAMETERS
  0.000E+00  8.000E-04  0.000E+00
  0.000E+00  2.000E-03  0.000E+00
  0.000E+00  6.000E-04  0.000E+00
  0.000E+00  5.000E-06  0.000E+00
  0.000E+00  6.000E-05  0.000E+00
  0.000E+00  2.000E-05  0.000E+00
  0.000E+00  1.900E-05  0.000E+00
  0.000E+00  2.040E-04  0.000E+00
  0.000E+00  1.750E-05  0.000E+00
  0.000E+00  1.900E-05  0.000E+00
  0.000E+00  4.000E-04  0.000E+00
 CLOUD COVER RATE OF SUBLAYER
  0.000E+00
 GAS CONCENTRATIONS PPMV
  6.005E+00  3.300E+02  2.691E+00  4.248E-03  5.200E-02  2.015E-01  2.090E+05
    50.0  8.430E-04  270.20 : Z P T
 PARTICLE PARAMETERS
  0.000E+00  8.000E-04  0.000E+00
  0.000E+00  2.000E-03  0.000E+00
  0.000E+00  6.000E-04  0.000E+00
  0.000E+00  5.000E-06  0.000E+00
  0.000E+00  6.000E-05  0.000E+00
  0.000E+00  2.000E-05  0.000E+00
  0.000E+00  1.900E-05  0.000E+00
  0.000E+00  2.040E-04  0.000E+00
  0.000E+00  1.750E-05  0.000E+00
  0.000E+00  1.900E-05  0.000E+00
  0.000E+00  4.000E-04  0.000E+00
 CLOUD COVER RATE OF SUBLAYER
  0.000E+00
 GAS CONCENTRATIONS PPMV
  5.987E+00  3.300E+02  2.914E+00  5.539E-03  4.970E-02  2.217E-01  2.090E+05
    49.0  9.526E-04  270.48 : Z P T
 PARTICLE PARAMETERS
  0.000E+00  8.000E-04  0.000E+00
  0.000E+00  2.000E-03  0.000E+00
  0.000E+00  6.000E-04  0.000E+00
  0.000E+00  5.000E-06  0.000E+00
  0.000E+00  6.000E-05  0.000E+00
  0.000E+00  2.000E-05  0.000E+00
  0.000E+00  1.900E-05  0.000E+00
  0.000E+00  2.040E-04  0.000E+00
  0.000E+00  1.750E-05  0.000E+00
  0.000E+00  1.900E-05  0.000E+00
  0.000E+00  4.000E-04  0.000E+00
 CLOUD COVER RATE OF SUBLAYER
  0.000E+00
 GAS CONCENTRATIONS PPMV
  5.953E+00  3.300E+02  3.162E+00  7.316E-03  4.724E-02  2.476E-01  2.090E+05
    48.0  1.077E-03  270.09 : Z P T
 PARTICLE PARAMETERS
  0.000E+00  8.000E-04  0.000E+00
  0.000E+00  2.000E-03  0.000E+00
  0.000E+00  6.000E-04  0.000E+00
  0.000E+00  5.000E-06  0.000E+00
  0.000E+00  6.000E-05  0.000E+00
  0.000E+00  2.000E-05  0.000E+00
  0.000E+00  1.900E-05  0.000E+00
  0.000E+00  2.040E-04  0.000E+00
  0.000E+00  1.750E-05  0.000E+00
  0.000E+00  1.900E-05  0.000E+00
  0.000E+00  4.000E-04  0.000E+00
 CLOUD COVER RATE OF SUBLAYER
  0.000E+00
 GAS CONCENTRATIONS PPMV
  5.897E+00  3.300E+02  3.460E+00  9.393E-03  4.486E-02  2.776E-01  2.090E+05
    47.0  1.218E-03  268.89 : Z P T
 PARTICLE PARAMETERS
  0.000E+00  8.000E-04  0.000E+00
  0.000E+00  2.000E-03  0.000E+00
  0.000E+00  6.000E-04  0.000E+00
  0.000E+00  5.000E-06  0.000E+00
  0.000E+00  6.000E-05  0.000E+00
  0.000E+00  2.000E-05  0.000E+00
  0.000E+00  1.900E-05  0.000E+00
  0.000E+00  2.040E-04  0.000E+00
  0.000E+00  1.750E-05  0.000E+00
  0.000E+00  1.900E-05  0.000E+00
  0.000E+00  4.000E-04  0.000E+00
 CLOUD COVER RATE OF SUBLAYER
  0.000E+00
 GAS CONCENTRATIONS PPMV
  5.824E+00  3.300E+02  3.828E+00  1.169E-02  4.274E-02  3.102E-01  2.090E+05
    46.0  1.381E-03  267.00 : Z P T
 PARTICLE PARAMETERS
  0.000E+00  8.000E-04  0.000E+00
  0.000E+00  2.000E-03  0.000E+00
  0.000E+00  6.000E-04  0.000E+00
  0.000E+00  5.000E-06  0.000E+00
  0.000E+00  6.000E-05  0.000E+00
  0.000E+00  2.000E-05  0.000E+00
  0.000E+00  1.900E-05  0.000E+00
  0.000E+00  2.040E-04  0.000E+00
  0.000E+00  1.750E-05  0.000E+00
  0.000E+00  1.900E-05  0.000E+00
  0.000E+00  4.000E-04  0.000E+00
 CLOUD COVER RATE OF SUBLAYER
  0.000E+00
 GAS CONCENTRATIONS PPMV
  5.741E+00  3.300E+02  4.266E+00  1.441E-02  4.081E-02  3.451E-01  2.090E+05
    45.0  1.570E-03  264.80 : Z P T
 PARTICLE PARAMETERS
  0.000E+00  8.000E-04  0.000E+00
  0.000E+00  2.000E-03  0.000E+00
  0.000E+00  6.000E-04  0.000E+00
  0.000E+00  5.000E-06  0.000E+00
  0.000E+00  6.000E-05  0.000E+00
  0.000E+00  2.000E-05  0.000E+00
  0.000E+00  1.900E-05  0.000E+00
  0.000E+00  2.040E-04  0.000E+00
  0.000E+00  1.750E-05  0.000E+00
  0.000E+00  1.900E-05  0.000E+00
  0.000E+00  4.000E-04  0.000E+00
 CLOUD COVER RATE OF SUBLAYER
  0.000E+00
 GAS CONCENTRATIONS PPMV
  5.662E+00  3.300E+02  4.761E+00  1.785E-02  3.890E-02  3.822E-01  2.090E+05
    44.0  1.786E-03  262.61 : Z P T
 PARTICLE PARAMETERS
  0.000E+00  8.000E-04  0.000E+00
  0.000E+00  2.000E-03  0.000E+00
  0.000E+00  6.000E-04  0.000E+00
  0.000E+00  5.000E-06  0.000E+00
  0.000E+00  6.000E-05  0.000E+00
  0.000E+00  2.000E-05  0.000E+00
  0.000E+00  1.900E-05  0.000E+00
  0.000E+00  2.040E-04  0.000E+00
  0.000E+00  1.750E-05  0.000E+00
  0.000E+00  1.900E-05  0.000E+00
  0.000E+00  4.000E-04  0.000E+00
 CLOUD COVER RATE OF SUBLAYER
  0.000E+00
 GAS CONCENTRATIONS PPMV
  5.586E+00  3.300E+02  5.307E+00  2.223E-02  3.698E-02  4.212E-01  2.090E+05
    43.0  2.035E-03  260.47 : Z P T
 PARTICLE PARAMETERS
  0.000E+00  8.000E-04  0.000E+00
  0.000E+00  2.000E-03  0.000E+00
  0.000E+00  6.000E-04  0.000E+00
  0.000E+00  5.000E-06  0.000E+00
  0.000E+00  6.000E-05  0.000E+00
  0.000E+00  2.000E-05  0.000E+00
  0.000E+00  1.900E-05  0.000E+00
  0.000E+00  2.040E-04  0.000E+00
  0.000E+00  1.750E-05  0.000E+00
  0.000E+00  1.900E-05  0.000E+00
  0.000E+00  4.000E-04  0.000E+00
 CLOUD COVER RATE OF SUBLAYER
  0.000E+00
 GAS CONCENTRATIONS PPMV
  5.497E+00  3.300E+02  5.906E+00  2.764E-02  3.512E-02  4.615E-01  2.090E+05
    42.0  2.318E-03  258.33 : Z P T
 PARTICLE PARAMETERS
  0.000E+00  8.000E-04  0.000E+00
  0.000E+00  2.000E-03  0.000E+00
  0.000E+00  6.000E-04  0.000E+00
  0.000E+00  5.000E-06  0.000E+00
  0.000E+00  6.000E-05  0.000E+00
  0.000E+00  2.000E-05  0.000E+00
  0.000E+00  1.900E-05  0.000E+00
  0.000E+00  2.040E-04  0.000E+00
  0.000E+00  1.750E-05  0.000E+00
  0.000E+00  1.900E-05  0.000E+00
  0.000E+00  4.000E-04  0.000E+00
 CLOUD COVER RATE OF SUBLAYER
  0.000E+00
 GAS CONCENTRATIONS PPMV
  5.387E+00  3.300E+02  6.545E+00  3.407E-02  3.339E-02  5.023E-01  2.090E+05
    41.0  2.640E-03  256.18 : Z P T
 PARTICLE PARAMETERS
  0.000E+00  8.000E-04  0.000E+00
  0.000E+00  2.000E-03  0.000E+00
  0.000E+00  6.000E-04  0.000E+00
  0.000E+00  5.000E-06  0.000E+00
  0.000E+00  6.000E-05  0.000E+00
  0.000E+00  2.000E-05  0.000E+00
  0.000E+00  1.900E-05  0.000E+00
  0.000E+00  2.040E-04  0.000E+00
  0.000E+00  1.750E-05  0.000E+00
  0.000E+00  1.900E-05  0.000E+00
  0.000E+00  4.000E-04  0.000E+00
 CLOUD COVER RATE OF SUBLAYER
  0.000E+00
 GAS CONCENTRATIONS PPMV
  5.264E+00  3.300E+02  7.186E+00  4.132E-02  3.177E-02  5.433E-01  2.090E+05
    40.0  3.011E-03  254.00 : Z P T
 PARTICLE PARAMETERS
  0.000E+00  8.000E-04  0.000E+00
  0.000E+00  2.000E-03  0.000E+00
  0.000E+00  6.000E-04  0.000E+00
  0.000E+00  5.000E-06  0.000E+00
  0.000E+00  6.000E-05  0.000E+00
  0.000E+00  2.000E-05  0.000E+00
  0.000E+00  1.900E-05  0.000E+00
  0.000E+00  2.040E-04  0.000E+00
  0.000E+00  1.750E-05  0.000E+00
  0.000E+00  1.900E-05  0.000E+00
  0.000E+00  4.000E-04  0.000E+00
 CLOUD COVER RATE OF SUBLAYER
  0.000E+00
 GAS CONCENTRATIONS PPMV
  5.139E+00  3.300E+02  7.782E+00  4.921E-02  3.021E-02  5.841E-01  2.090E+05
    39.0  3.438E-03  251.80 : Z P T
 PARTICLE PARAMETERS
  0.000E+00  8.000E-04  0.000E+00
  0.000E+00  2.000E-03  0.000E+00
  0.000E+00  6.000E-04  0.000E+00
  0.000E+00  5.000E-06  0.000E+00
  0.000E+00  6.000E-05  0.000E+00
  0.000E+00  2.000E-05  0.000E+00
  0.000E+00  1.900E-05  0.000E+00
  0.000E+00  2.040E-04  0.000E+00
  0.000E+00  1.750E-05  0.000E+00
  0.000E+00  1.900E-05  0.000E+00
  0.000E+00  4.000E-04  0.000E+00
 CLOUD COVER RATE OF SUBLAYER
  0.000E+00
 GAS CONCENTRATIONS PPMV
  5.018E+00  3.300E+02  8.316E+00  5.771E-02  2.873E-02  6.238E-01  2.090E+05
    38.0  3.931E-03  249.60 : Z P T
 PARTICLE PARAMETERS
  0.000E+00  8.000E-04  0.000E+00
  0.000E+00  2.000E-03  0.000E+00
  0.000E+00  6.000E-04  0.000E+00
  0.000E+00  5.000E-06  0.000E+00
  0.000E+00  6.000E-05  0.000E+00
  0.000E+00  2.000E-05  0.000E+00
  0.000E+00  1.900E-05  0.000E+00
  0.000E+00  2.040E-04  0.000E+00
  0.000E+00  1.750E-05  0.000E+00
  0.000E+00  1.900E-05  0.000E+00
  0.000E+00  4.000E-04  0.000E+00
 CLOUD COVER RATE OF SUBLAYER
  0.000E+00
 GAS CONCENTRATIONS PPMV
  4.900E+00  3.300E+02  8.794E+00  6.706E-02  2.741E-02  6.614E-01  2.090E+05
    37.0  4.500E-03  247.41 : Z P T
 PARTICLE PARAMETERS
  0.000E+00  8.000E-04  0.000E+00
  0.000E+00  2.000E-03  0.000E+00
  0.000E+00  6.000E-04  0.000E+00
  0.000E+00  5.000E-06  0.000E+00
  0.000E+00  6.000E-05  0.000E+00
  0.000E+00  2.000E-05  0.000E+00
  0.000E+00  1.900E-05  0.000E+00
  0.000E+00  2.040E-04  0.000E+00
  0.000E+00  1.750E-05  0.000E+00
  0.000E+00  1.900E-05  0.000E+00
  0.000E+00  4.000E-04  0.000E+00
 CLOUD COVER RATE OF SUBLAYER
  0.000E+00
 GAS CONCENTRATIONS PPMV
  4.781E+00  3.300E+02  9.217E+00  7.721E-02  2.628E-02  6.963E-01  2.090E+05
    36.0  5.159E-03  245.25 : Z P T
 PARTICLE PARAMETERS
  0.000E+00  8.000E-04  0.000E+00
  0.000E+00  2.000E-03  0.000E+00
  0.000E+00  6.000E-04  0.000E+00
  0.000E+00  5.000E-06  0.000E+00
  0.000E+00  6.000E-05  0.000E+00
  0.000E+00  2.000E-05  0.000E+00
  0.000E+00  1.900E-05  0.000E+00
  0.000E+00  2.040E-04  0.000E+00
  0.000E+00  1.750E-05  0.000E+00
  0.000E+00  1.900E-05  0.000E+00
  0.000E+00  4.000E-04  0.000E+00
 CLOUD COVER RATE OF SUBLAYER
  0.000E+00
 GAS CONCENTRATIONS PPMV
  4.660E+00  3.300E+02  9.557E+00  8.760E-02  2.532E-02  7.296E-01  2.090E+05
    35.0  5.923E-03  243.10 : Z P T
 PARTICLE PARAMETERS
  0.000E+00  8.000E-04  0.000E+00
  0.000E+00  2.000E-03  0.000E+00
  0.000E+00  6.000E-04  0.000E+00
  0.000E+00  5.000E-06  0.000E+00
  0.000E+00  6.000E-05  0.000E+00
  0.000E+00  2.000E-05  0.000E+00
  0.000E+00  1.900E-05  0.000E+00
  0.000E+00  2.040E-04  0.000E+00
  0.000E+00  1.750E-05  0.000E+00
  0.000E+00  1.900E-05  0.000E+00
  0.000E+00  4.000E-04  0.000E+00
 CLOUD COVER RATE OF SUBLAYER
  0.000E+00
 GAS CONCENTRATIONS PPMV
  4.539E+00  3.300E+02  9.775E+00  9.752E-02  2.444E-02  7.627E-01  2.090E+05
    34.0  6.808E-03  240.95 : Z P T
 PARTICLE PARAMETERS
  0.000E+00  8.000E-04  0.000E+00
  0.000E+00  2.000E-03  0.000E+00
  0.000E+00  6.000E-04  0.000E+00
  0.000E+00  5.000E-06  0.000E+00
  0.000E+00  6.000E-05  0.000E+00
  0.000E+00  2.000E-05  0.000E+00
  0.000E+00  1.900E-05  0.000E+00
  0.000E+00  2.040E-04  0.000E+00
  0.000E+00  1.750E-05  0.000E+00
  0.000E+00  1.900E-05  0.000E+00
  0.000E+00  4.000E-04  0.000E+00
 CLOUD COVER RATE OF SUBLAYER
  0.000E+00
 GAS CONCENTRATIONS PPMV
  4.419E+00  3.300E+02  9.863E+00  1.070E-01  2.357E-02  7.962E-01  2.090E+05
    33.0  7.836E-03  238.78 : Z P T
 PARTICLE PARAMETERS
  0.000E+00  8.000E-04  0.000E+00
  0.000E+00  2.000E-03  0.000E+00
  0.000E+00  6.000E-04  0.000E+00
  0.000E+00  5.000E-06  0.000E+00
  0.000E+00  6.000E-05  0.000E+00
  0.000E+00  2.000E-05  0.000E+00
  0.000E+00  1.900E-05  0.000E+00
  0.000E+00  2.040E-04  0.000E+00
  0.000E+00  1.750E-05  0.000E+00
  0.000E+00  1.900E-05  0.000E+00
  0.000E+00  4.000E-04  0.000E+00
 CLOUD COVER RATE OF SUBLAYER
  0.000E+00
 GAS CONCENTRATIONS PPMV
  4.301E+00  3.300E+02  9.838E+00  1.166E-01  2.265E-02  8.300E-01  2.090E+05
    32.0  9.030E-03  236.61 : Z P T
 PARTICLE PARAMETERS
  0.000E+00  8.000E-04  0.000E+00
  0.000E+00  2.000E-03  0.000E+00
  0.000E+00  6.000E-04  0.000E+00
  0.000E+00  5.000E-06  0.000E+00
  0.000E+00  6.000E-05  0.000E+00
  0.000E+00  2.000E-05  0.000E+00
  0.000E+00  1.900E-05  0.000E+00
  0.000E+00  2.040E-04  0.000E+00
  0.000E+00  1.750E-05  0.000E+00
  0.000E+00  1.900E-05  0.000E+00
  0.000E+00  4.000E-04  0.000E+00
 CLOUD COVER RATE OF SUBLAYER
  0.000E+00
 GAS CONCENTRATIONS PPMV
  4.184E+00  3.300E+02  9.710E+00  1.268E-01  2.163E-02  8.635E-01  2.090E+05
    31.0  1.042E-02  234.44 : Z P T
 PARTICLE PARAMETERS
  0.000E+00  8.000E-04  0.000E+00
  0.000E+00  2.000E-03  0.000E+00
  0.000E+00  6.000E-04  0.000E+00
  0.000E+00  5.000E-06  0.000E+00
  0.000E+00  6.000E-05  0.000E+00
  0.000E+00  2.000E-05  0.000E+00
  0.000E+00  1.900E-05  0.000E+00
  0.000E+00  2.040E-04  0.000E+00
  0.000E+00  1.750E-05  0.000E+00
  0.000E+00  1.900E-05  0.000E+00
  0.000E+00  4.000E-04  0.000E+00
 CLOUD COVER RATE OF SUBLAYER
  0.000E+00
 GAS CONCENTRATIONS PPMV
  4.063E+00  3.300E+02  9.460E+00  1.368E-01  2.052E-02  8.969E-01  2.090E+05
    30.0  1.204E-02  232.30 : Z P T
 PARTICLE PARAMETERS
  0.000E+00  8.000E-04  0.000E+00
  0.000E+00  2.000E-03  0.000E+00
  0.000E+00  6.000E-04  0.000E+00
  0.000E+00  5.000E-06  0.000E+00
  0.000E+00  6.000E-05  0.000E+00
  0.000E+00  2.000E-05  0.000E+00
  0.000E+00  1.900E-05  0.000E+00
  0.000E+00  2.040E-04  0.000E+00
  0.000E+00  1.750E-05  0.000E+00
  0.000E+00  1.900E-05  0.000E+00
  0.000E+00  4.000E-04  0.000E+00
 CLOUD COVER RATE OF SUBLAYER
  0.000E+00
 GAS CONCENTRATIONS PPMV
  3.928E+00  3.300E+02  9.059E+00  1.456E-01  1.936E-02  9.300E-01  2.090E+05
    29.0  1.394E-02  230.20 : Z P T
 PARTICLE PARAMETERS
  0.000E+00  8.000E-04  0.000E+00
  0.000E+00  2.000E-03  0.000E+00
  0.000E+00  6.000E-04  0.000E+00
  0.000E+00  5.000E-06  0.000E+00
  0.000E+00  6.000E-05  0.000E+00
  0.000E+00  2.000E-05  0.000E+00
  0.000E+00  1.900E-05  0.000E+00
  0.000E+00  2.040E-04  0.000E+00
  0.000E+00  1.750E-05  0.000E+00
  0.000E+00  1.900E-05  0.000E+00
  0.000E+00  4.000E-04  0.000E+00
 CLOUD COVER RATE OF SUBLAYER
  0.000E+00
 GAS CONCENTRATIONS PPMV
  3.774E+00  3.300E+02  8.497E+00  1.528E-01  1.822E-02  9.608E-01  2.090E+05
    28.0  1.616E-02  228.08 : Z P T
 PARTICLE PARAMETERS
  0.000E+00  8.000E-04  0.000E+00
  0.000E+00  2.000E-03  0.000E+00
  0.000E+00  6.000E-04  0.000E+00
  0.000E+00  5.000E-06  0.000E+00
  0.000E+00  6.000E-05  0.000E+00
  0.000E+00  2.000E-05  0.000E+00
  0.000E+00  1.900E-05  0.000E+00
  0.000E+00  2.040E-04  0.000E+00
  0.000E+00  1.750E-05  0.000E+00
  0.000E+00  1.900E-05  0.000E+00
  0.000E+00  4.000E-04  0.000E+00
 CLOUD COVER RATE OF SUBLAYER
  0.000E+00
 GAS CONCENTRATIONS PPMV
  3.598E+00  3.300E+02  7.782E+00  1.587E-01  1.726E-02  9.860E-01  2.090E+05
    27.0  1.875E-02  225.89 : Z P T
 PARTICLE PARAMETERS
  0.000E+00  8.000E-04  0.000E+00
  0.000E+00  2.000E-03  0.000E+00
  0.000E+00  6.000E-04  0.000E+00
  0.000E+00  5.000E-06  0.000E+00
  0.000E+00  6.000E-05  0.000E+00
  0.000E+00  2.000E-05  0.000E+00
  0.000E+00  1.900E-05  0.000E+00
  0.000E+00  2.040E-04  0.000E+00
  0.000E+00  1.750E-05  0.000E+00
  0.000E+00  1.900E-05  0.000E+00
  0.000E+00  4.000E-04  0.000E+00
 CLOUD COVER RATE OF SUBLAYER
  0.000E+00
 GAS CONCENTRATIONS PPMV
  3.419E+00  3.300E+02  6.925E+00  1.642E-01  1.647E-02  1.007E+00  2.090E+05
    26.0  2.178E-02  223.64 : Z P T
 PARTICLE PARAMETERS
  0.000E+00  8.000E-04  0.000E+00
  0.000E+00  2.000E-03  0.000E+00
  0.000E+00  6.000E-04  0.000E+00
  0.000E+00  5.000E-06  0.000E+00
  0.000E+00  6.000E-05  0.000E+00
  0.000E+00  2.000E-05  0.000E+00
  0.000E+00  1.900E-05  0.000E+00
  0.000E+00  2.040E-04  0.000E+00
  0.000E+00  1.750E-05  0.000E+00
  0.000E+00  1.900E-05  0.000E+00
  0.000E+00  4.000E-04  0.000E+00
 CLOUD COVER RATE OF SUBLAYER
  0.000E+00
 GAS CONCENTRATIONS PPMV
  3.292E+00  3.300E+02  5.931E+00  1.713E-01  1.566E-02  1.036E+00  2.090E+05
    25.0  2.537E-02  221.40 : Z P T
 PARTICLE PARAMETERS
  0.000E+00  8.000E-04  0.000E+00
  0.000E+00  2.000E-03  0.000E+00
  0.000E+00  6.000E-04  0.000E+00
  0.000E+00  5.000E-06  0.000E+00
  0.000E+00  6.000E-05  0.000E+00
  0.000E+00  2.000E-05  0.000E+00
  0.000E+00  1.900E-05  0.000E+00
  0.000E+00  2.040E-04  0.000E+00
  0.000E+00  1.750E-05  0.000E+00
  0.000E+00  1.900E-05  0.000E+00
  0.000E+00  4.000E-04  0.000E+00
 CLOUD COVER RATE OF SUBLAYER
  0.000E+00
 GAS CONCENTRATIONS PPMV
  3.225E+00  3.300E+02  4.850E+00  1.815E-01  1.460E-02  1.086E+00  2.090E+05
    24.0  2.962E-02  219.20 : Z P T
 PARTICLE PARAMETERS
  0.000E+00  8.000E-04  0.000E+00
  0.000E+00  2.000E-03  0.000E+00
  0.000E+00  6.000E-04  0.000E+00
  0.000E+00  5.000E-06  0.000E+00
  0.000E+00  6.000E-05  0.000E+00
  0.000E+00  2.000E-05  0.000E+00
  0.000E+00  1.900E-05  0.000E+00
  0.000E+00  2.040E-04  0.000E+00
  0.000E+00  1.750E-05  0.000E+00
  0.000E+00  1.900E-05  0.000E+00
  0.000E+00  4.000E-04  0.000E+00
 CLOUD COVER RATE OF SUBLAYER
  0.000E+00
 GAS CONCENTRATIONS PPMV
  3.050E+00  3.300E+02  3.850E+00  1.921E-01  1.353E-02  1.155E+00  2.090E+05
    23.0  3.455E-02  217.00 : Z P T
 PARTICLE PARAMETERS
  0.000E+00  8.000E-04  0.000E+00
  0.000E+00  2.000E-03  0.000E+00
  0.000E+00  6.000E-04  0.000E+00
  0.000E+00  5.000E-06  0.000E+00
  0.000E+00  6.000E-05  0.000E+00
  0.000E+00  2.000E-05  0.000E+00
  0.000E+00  1.900E-05  0.000E+00
  0.000E+00  2.040E-04  0.000E+00
  0.000E+00  1.750E-05  0.000E+00
  0.000E+00  1.900E-05  0.000E+00
  0.000E+00  4.000E-04  0.000E+00
 CLOUD COVER RATE OF SUBLAYER
  0.000E+00
 GAS CONCENTRATIONS PPMV
  2.850E+00  3.300E+02  2.900E+00  2.009E-01  1.269E-02  1.232E+00  2.090E+05
    22.0  4.038E-02  214.60 : Z P T
 PARTICLE PARAMETERS
  0.000E+00  8.000E-04  0.000E+00
  0.000E+00  2.000E-03  0.000E+00
  0.000E+00  6.000E-04  0.000E+00
  0.000E+00  5.000E-06  0.000E+00
  0.000E+00  6.000E-05  0.000E+00
  0.000E+00  2.000E-05  0.000E+00
  0.000E+00  1.900E-05  0.000E+00
  0.000E+00  2.040E-04  0.000E+00
  0.000E+00  1.750E-05  0.000E+00
  0.000E+00  1.900E-05  0.000E+00
  0.000E+00  4.000E-04  0.000E+00
 CLOUD COVER RATE OF SUBLAYER
  0.000E+00
 GAS CONCENTRATIONS PPMV
  2.725E+00  3.300E+02  2.100E+00  2.122E-01  1.232E-02  1.314E+00  2.090E+05
    21.0  4.738E-02  210.70 : Z P T
 PARTICLE PARAMETERS
  0.000E+00  8.000E-04  0.000E+00
  0.000E+00  2.000E-03  0.000E+00
  0.000E+00  6.000E-04  0.000E+00
  0.000E+00  5.000E-06  0.000E+00
  0.000E+00  6.000E-05  0.000E+00
  0.000E+00  2.000E-05  0.000E+00
  0.000E+00  1.900E-05  0.000E+00
  0.000E+00  2.040E-04  0.000E+00
  0.000E+00  1.750E-05  0.000E+00
  0.000E+00  1.900E-05  0.000E+00
  0.000E+00  4.000E-04  0.000E+00
 CLOUD COVER RATE OF SUBLAYER
  0.000E+00
 GAS CONCENTRATIONS PPMV
  2.625E+00  3.300E+02  1.600E+00  2.279E-01  1.282E-02  1.389E+00  2.090E+05
    20.0  5.577E-02  206.70 : Z P T
 PARTICLE PARAMETERS
  0.000E+00  8.000E-04  0.000E+00
  0.000E+00  2.000E-03  0.000E+00
  0.000E+00  6.000E-04  0.000E+00
  0.000E+00  5.000E-06  0.000E+00
  0.000E+00  6.000E-05  0.000E+00
  0.000E+00  2.000E-05  0.000E+00
  0.000E+00  1.900E-05  0.000E+00
  0.000E+00  2.040E-04  0.000E+00
  0.000E+00  1.750E-05  0.000E+00
  0.000E+00  1.900E-05  0.000E+00
  0.000E+00  4.000E-04  0.000E+00
 CLOUD COVER RATE OF SUBLAYER
  0.000E+00
 GAS CONCENTRATIONS PPMV
  2.600E+00  3.300E+02  1.175E+00  2.446E-01  1.440E-02  1.452E+00  2.090E+05
    19.0  6.575E-02  202.70 : Z P T
 PARTICLE PARAMETERS
  0.000E+00  8.000E-04  0.000E+00
  0.000E+00  2.000E-03  0.000E+00
  0.000E+00  6.000E-04  0.000E+00
  0.000E+00  5.000E-06  0.000E+00
  0.000E+00  6.000E-05  0.000E+00
  0.000E+00  2.000E-05  0.000E+00
  0.000E+00  1.900E-05  0.000E+00
  0.000E+00  2.040E-04  0.000E+00
  0.000E+00  1.750E-05  0.000E+00
  0.000E+00  1.900E-05  0.000E+00
  0.000E+00  4.000E-04  0.000E+00
 CLOUD COVER RATE OF SUBLAYER
  0.000E+00
 GAS CONCENTRATIONS PPMV
  2.675E+00  3.300E+02  7.250E-01  2.599E-01  1.757E-02  1.501E+00  2.090E+05
    18.0  7.789E-02  198.80 : Z P T
 PARTICLE PARAMETERS
  0.000E+00  8.000E-04  0.000E+00
  0.000E+00  2.000E-03  0.000E+00
  0.000E+00  6.000E-04  0.000E+00
  0.000E+00  5.000E-06  0.000E+00
  0.000E+00  6.000E-05  0.000E+00
  0.000E+00  2.000E-05  0.000E+00
  0.000E+00  1.900E-05  0.000E+00
  0.000E+00  2.040E-04  0.000E+00
  0.000E+00  1.750E-05  0.000E+00
  0.000E+00  1.900E-05  0.000E+00
  0.000E+00  4.000E-04  0.000E+00
 CLOUD COVER RATE OF SUBLAYER
  0.000E+00
 GAS CONCENTRATIONS PPMV
  2.825E+00  3.300E+02  3.750E-01  2.727E-01  2.227E-02  1.537E+00  2.090E+05
    17.0  9.250E-02  194.80 : Z P T
 PARTICLE PARAMETERS
  0.000E+00  8.000E-04  0.000E+00
  0.000E+00  2.000E-03  0.000E+00
  0.000E+00  6.000E-04  0.000E+00
  0.000E+00  5.000E-06  0.000E+00
  0.000E+00  6.000E-05  0.000E+00
  0.000E+00  2.000E-05  0.000E+00
  0.000E+00  1.900E-05  0.000E+00
  0.000E+00  2.040E-04  0.000E+00
  0.000E+00  1.750E-05  0.000E+00
  0.000E+00  1.900E-05  0.000E+00
  0.000E+00  4.000E-04  0.000E+00
 CLOUD COVER RATE OF SUBLAYER
  0.000E+00
 GAS CONCENTRATIONS PPMV
  2.950E+00  3.300E+02  1.972E-01  2.830E-01  2.779E-02  1.568E+00  2.090E+05
    16.0  1.096E-01  197.00 : Z P T
 PARTICLE PARAMETERS
  0.000E+00  8.000E-04  0.000E+00
  0.000E+00  2.000E-03  0.000E+00
  0.000E+00  6.000E-04  0.000E+00
  0.000E+00  5.000E-06  0.000E+00
  0.000E+00  6.000E-05  0.000E+00
  0.000E+00  2.000E-05  0.000E+00
  0.000E+00  1.900E-05  0.000E+00
  0.000E+00  2.040E-04  0.000E+00
  0.000E+00  1.750E-05  0.000E+00
  0.000E+00  1.900E-05  0.000E+00
  0.000E+00  4.000E-04  0.000E+00
 CLOUD COVER RATE OF SUBLAYER
  0.000E+00
 GAS CONCENTRATIONS PPMV
  3.500E+00  3.300E+02  1.350E-01  2.911E-01  3.505E-02  1.594E+00  2.090E+05
    15.0  1.303E-01  203.70 : Z P T
 PARTICLE PARAMETERS
  0.000E+00  8.000E-04  0.000E+00
  0.000E+00  2.000E-03  0.000E+00
  0.000E+00  6.000E-04  0.000E+00
  0.000E+00  5.000E-06  0.000E+00
  0.000E+00  6.000E-05  0.000E+00
  0.000E+00  2.000E-05  0.000E+00
  0.000E+00  1.900E-05  0.000E+00
  0.000E+00  2.040E-04  0.000E+00
  0.000E+00  1.750E-05  0.000E+00
  0.000E+00  1.900E-05  0.000E+00
  0.000E+00  4.000E-04  0.000E+00
 CLOUD COVER RATE OF SUBLAYER
  0.000E+00
 GAS CONCENTRATIONS PPMV
  5.110E+00  3.300E+02  1.153E-01  2.972E-01  4.483E-02  1.616E+00  2.090E+05
    14.0  1.540E-01  210.30 : Z P T
 PARTICLE PARAMETERS
  0.000E+00  8.000E-04  0.000E+00
  0.000E+00  2.000E-03  0.000E+00
  0.000E+00  6.000E-04  0.000E+00
  0.000E+00  5.000E-06  0.000E+00
  0.000E+00  6.000E-05  0.000E+00
  0.000E+00  2.000E-05  0.000E+00
  0.000E+00  1.900E-05  0.000E+00
  0.000E+00  2.040E-04  0.000E+00
  0.000E+00  1.750E-05  0.000E+00
  0.000E+00  1.900E-05  0.000E+00
  0.000E+00  4.000E-04  0.000E+00
 CLOUD COVER RATE OF SUBLAYER
  0.000E+00
 GAS CONCENTRATIONS PPMV
  8.060E+00  3.300E+02  9.895E-02  3.024E-01  5.700E-02  1.636E+00  2.090E+05
    13.0  1.797E-01  217.00 : Z P T
 PARTICLE PARAMETERS
  0.000E+00  8.000E-04  0.000E+00
  0.000E+00  2.000E-03  0.000E+00
  0.000E+00  6.000E-04  0.000E+00
  0.000E+00  5.000E-06  0.000E+00
  0.000E+00  6.000E-05  0.000E+00
  0.000E+00  2.000E-05  0.000E+00
  0.000E+00  1.900E-05  0.000E+00
  0.000E+00  2.040E-04  0.000E+00
  0.000E+00  1.750E-05  0.000E+00
  0.000E+00  1.900E-05  0.000E+00
  0.000E+00  4.000E-04  0.000E+00
 CLOUD COVER RATE OF SUBLAYER
  0.000E+00
 GAS CONCENTRATIONS PPMV
  1.947E+01  3.300E+02  8.552E-02  3.072E-01  7.094E-02  1.653E+00  2.090E+05
    12.0  2.103E-01  223.60 : Z P T
 PARTICLE PARAMETERS
  0.000E+00  8.000E-04  0.000E+00
  0.000E+00  2.000E-03  0.000E+00
  0.000E+00  6.000E-04  0.000E+00
  0.000E+00  5.000E-06  0.000E+00
  0.000E+00  6.000E-05  0.000E+00
  0.000E+00  2.000E-05  0.000E+00
  0.000E+00  1.900E-05  0.000E+00
  0.000E+00  2.040E-04  0.000E+00
  0.000E+00  1.750E-05  0.000E+00
  0.000E+00  1.900E-05  0.000E+00
  0.000E+00  4.000E-04  0.000E+00
 CLOUD COVER RATE OF SUBLAYER
  0.000E+00
 GAS CONCENTRATIONS PPMV
  5.105E+01  3.300E+02  7.214E-02  3.118E-01  8.389E-02  1.668E+00  2.090E+05
    11.0  2.438E-01  230.10 : Z P T
 PARTICLE PARAMETERS
  0.000E+00  8.000E-04  0.000E+00
  0.000E+00  2.000E-03  0.000E+00
  0.000E+00  6.000E-04  0.000E+00
  0.000E+00  5.000E-06  0.000E+00
  0.000E+00  6.000E-05  0.000E+00
  0.000E+00  2.000E-05  0.000E+00
  0.000E+00  1.900E-05  0.000E+00
  0.000E+00  2.040E-04  0.000E+00
  0.000E+00  1.750E-05  0.000E+00
  0.000E+00  1.900E-05  0.000E+00
  0.000E+00  4.000E-04  0.000E+00
 CLOUD COVER RATE OF SUBLAYER
  0.000E+00
 GAS CONCENTRATIONS PPMV
  1.321E+02  3.300E+02  6.104E-02  3.159E-01  9.463E-02  1.680E+00  2.090E+05
    10.0  2.823E-01  237.00 : Z P T
 PARTICLE PARAMETERS
  0.000E+00  8.000E-04  0.000E+00
  0.000E+00  2.000E-03  0.000E+00
  0.000E+00  6.000E-04  0.000E+00
  0.000E+00  5.000E-06  0.000E+00
  0.000E+00  6.000E-05  0.000E+00
  0.000E+00  2.000E-05  0.000E+00
  0.000E+00  1.900E-05  0.000E+00
  0.000E+00  2.040E-04  0.000E+00
  0.000E+00  1.750E-05  0.000E+00
  0.000E+00  1.900E-05  0.000E+00
  0.000E+00  4.000E-04  0.000E+00
 CLOUD COVER RATE OF SUBLAYER
  0.000E+00
 GAS CONCENTRATIONS PPMV
  3.005E+02  3.300E+02  5.298E-02  3.187E-01  1.045E-01  1.689E+00  2.090E+05
     9.0  3.248E-01  243.60 : Z P T
 PARTICLE PARAMETERS
  0.000E+00  8.000E-04  0.000E+00
  0.000E+00  2.000E-03  0.000E+00
  0.000E+00  6.000E-04  0.000E+00
  0.000E+00  5.000E-06  0.000E+00
  0.000E+00  6.000E-05  0.000E+00
  0.000E+00  2.000E-05  0.000E+00
  0.000E+00  1.900E-05  0.000E+00
  0.000E+00  2.040E-04  0.000E+00
  0.000E+00  1.750E-05  0.000E+00
  0.000E+00  1.900E-05  0.000E+00
  0.000E+00  4.000E-04  0.000E+00
 CLOUD COVER RATE OF SUBLAYER
  0.000E+00
 GAS CONCENTRATIONS PPMV
  5.868E+02  3.300E+02  4.735E-02  3.198E-01  1.139E-01  1.695E+00  2.090E+05
     8.0  3.731E-01  250.30 : Z P T
 PARTICLE PARAMETERS
  0.000E+00  8.000E-04  0.000E+00
  0.000E+00  2.000E-03  0.000E+00
  0.000E+00  6.000E-04  0.000E+00
  0.000E+00  5.000E-06  0.000E+00
  0.000E+00  6.000E-05  0.000E+00
  0.000E+00  2.000E-05  0.000E+00
  0.000E+00  1.900E-05  0.000E+00
  0.000E+00  2.040E-04  0.000E+00
  0.000E+00  1.750E-05  0.000E+00
  0.000E+00  1.900E-05  0.000E+00
  0.000E+00  4.000E-04  0.000E+00
 CLOUD COVER RATE OF SUBLAYER
  0.000E+00
 GAS CONCENTRATIONS PPMV
  1.026E+03  3.300E+02  4.347E-02  3.200E-01  1.216E-01  1.698E+00  2.090E+05
     7.0  4.265E-01  257.00 : Z P T
 PARTICLE PARAMETERS
  0.000E+00  8.000E-04  0.000E+00
  0.000E+00  2.000E-03  0.000E+00
  0.000E+00  6.000E-04  0.000E+00
  0.000E+00  5.000E-06  0.000E+00
  0.000E+00  6.000E-05  0.000E+00
  0.000E+00  2.000E-05  0.000E+00
  0.000E+00  1.900E-05  0.000E+00
  0.000E+00  2.040E-04  0.000E+00
  0.000E+00  1.750E-05  0.000E+00
  0.000E+00  1.900E-05  0.000E+00
  0.000E+00  4.000E-04  0.000E+00
 CLOUD COVER RATE OF SUBLAYER
  0.000E+00
 GAS CONCENTRATIONS PPMV
  1.695E+03  3.300E+02  4.106E-02  3.200E-01  1.268E-01  1.700E+00  2.090E+05
     6.0  4.857E-01  263.60 : Z P T
 PARTICLE PARAMETERS
  0.000E+00  8.000E-04  0.000E+00
  0.000E+00  2.000E-03  0.000E+00
  0.000E+00  6.000E-04  0.000E+00
  0.000E+00  5.000E-06  0.000E+00
  0.000E+00  6.000E-05  0.000E+00
  0.000E+00  2.000E-05  0.000E+00
  0.000E+00  1.900E-05  0.000E+00
  0.000E+00  2.040E-04  0.000E+00
  0.000E+00  1.750E-05  0.000E+00
  0.000E+00  1.900E-05  0.000E+00
  0.000E+00  4.000E-04  0.000E+00
 CLOUD COVER RATE OF SUBLAYER
  0.000E+00
 GAS CONCENTRATIONS PPMV
  2.724E+03  3.300E+02  3.878E-02  3.200E-01  1.296E-01  1.700E+00  2.090E+05
     5.0  5.518E-01  270.30 : Z P T
 PARTICLE PARAMETERS
  0.000E+00  8.000E-04  0.000E+00
  0.000E+00  2.000E-03  0.000E+00
  0.000E+00  6.000E-04  0.000E+00
  0.000E+00  5.000E-06  0.000E+00
  0.000E+00  6.000E-05  0.000E+00
  0.000E+00  2.000E-05  0.000E+00
  0.000E+00  1.900E-05  0.000E+00
  0.000E+00  2.040E-04  0.000E+00
  0.000E+00  1.750E-05  0.000E+00
  0.000E+00  1.900E-05  0.000E+00
  0.000E+00  4.000E-04  0.000E+00
 CLOUD COVER RATE OF SUBLAYER
  0.000E+00
 GAS CONCENTRATIONS PPMV
  3.894E+03  3.300E+02  3.664E-02  3.200E-01  1.308E-01  1.700E+00  2.090E+05
     4.0  6.249E-01  277.00 : Z P T
 PARTICLE PARAMETERS
  0.000E+00  8.000E-04  0.000E+00
  0.000E+00  2.000E-03  0.000E+00
  0.000E+00  6.000E-04  0.000E+00
  0.000E+00  5.000E-06  0.000E+00
  0.000E+00  6.000E-05  0.000E+00
  0.000E+00  2.000E-05  0.000E+00
  0.000E+00  1.900E-05  0.000E+00
  0.000E+00  2.040E-04  0.000E+00
  0.000E+00  1.750E-05  0.000E+00
  0.000E+00  1.900E-05  0.000E+00
  0.000E+00  4.000E-04  0.000E+00
 CLOUD COVER RATE OF SUBLAYER
  0.000E+00
 GAS CONCENTRATIONS PPMV
  6.520E+03  3.300E+02  3.532E-02  3.200E-01  1.331E-01  1.700E+00  2.090E+05
     3.0  7.058E-01  283.70 : Z P T
 PARTICLE PARAMETERS
  0.000E+00  8.000E-04  0.000E+00
  0.000E+00  2.000E-03  0.000E+00
  0.000E+00  6.000E-04  0.000E+00
  0.000E+00  5.000E-06  0.000E+00
  0.000E+00  6.000E-05  0.000E+00
  0.000E+00  2.000E-05  0.000E+00
  0.000E+00  1.900E-05  0.000E+00
  0.000E+00  2.040E-04  0.000E+00
  0.000E+00  1.750E-05  0.000E+00
  0.000E+00  1.900E-05  0.000E+00
  0.000E+00  4.000E-04  0.000E+00
 CLOUD COVER RATE OF SUBLAYER
  0.000E+00
 GAS CONCENTRATIONS PPMV
  1.197E+04  3.300E+02  3.423E-02  3.200E-01  1.374E-01  1.700E+00  2.090E+05
     2.0  7.947E-01  287.70 : Z P T
 PARTICLE PARAMETERS
  0.000E+00  8.000E-04  0.000E+00
  0.000E+00  2.000E-03  0.000E+00
  0.000E+00  6.000E-04  0.000E+00
  0.000E+00  5.000E-06  0.000E+00
  0.000E+00  6.000E-05  0.000E+00
  0.000E+00  2.000E-05  0.000E+00
  0.000E+00  1.900E-05  0.000E+00
  0.000E+00  2.040E-04  0.000E+00
  0.000E+00  1.750E-05  0.000E+00
  0.000E+00  1.900E-05  0.000E+00
  0.000E+00  4.000E-04  0.000E+00
 CLOUD COVER RATE OF SUBLAYER
  0.000E+00
 GAS CONCENTRATIONS PPMV
  1.742E+04  3.300E+02  3.246E-02  3.200E-01  1.424E-01  1.700E+00  2.090E+05
     1.0  8.924E-01  293.70 : Z P T
 PARTICLE PARAMETERS
  0.000E+00  8.000E-04  0.000E+00
  0.000E+00  2.000E-03  0.000E+00
  0.000E+00  6.000E-04  0.000E+00
  0.000E+00  5.000E-06  0.000E+00
  0.000E+00  6.000E-05  0.000E+00
  0.000E+00  2.000E-05  0.000E+00
  0.000E+00  1.900E-05  0.000E+00
  0.000E+00  2.040E-04  0.000E+00
  0.000E+00  1.750E-05  0.000E+00
  0.000E+00  1.900E-05  0.000E+00
  0.000E+00  4.000E-04  0.000E+00
 CLOUD COVER RATE OF SUBLAYER
  0.000E+00
 GAS CONCENTRATIONS PPMV
  2.271E+04  3.300E+02  3.010E-02  3.200E-01  1.475E-01  1.700E+00  2.090E+05
     0.0  1.000E+00  299.70 : Z P T
 300.0 : GTMP
  3.100E+00  5.000E-01  0.000E+00  0.000E+00  0.000E+00 : PRG
